0.05 11 0 12264539 10000 0.0008153588161772733 11 2.0e-2 0
0.05 11 0 11957422 10000 0.0008363006674850147 11 2.0e-2 0
0.05 11 0 12320853 10000 0.0008116321167049068 11 2.0e-2 0
0.05 11 0 14102186 10000 0.0007091099209725357 11 2.0e-2 0
0.05 11 0 13922245 10000 0.0007182749621199742 11 2.0e-2 0
0.05 11 0 14373864 10000 0.0006957071529270069 11 2.0e-2 0
0.05 11 0 14683323 10000 0.000681044747159754 11 2.0e-2 0
0.05 11 0 14984489 10000 0.0006673567580449357 11 2.0e-2 0
0.05 11 0 14852553 10000 0.0006732849228008141 11 2.0e-2 0
0.05 11 0 15074082 10000 0.0006633903145810139 11 2.0e-2 0
0.05 11 0 14825382 10000 0.0006745188758036724 11 2.0e-2 0
0.05 11 0 15052447 10000 0.0006643438106774267 11 2.0e-2 0
0.05 11 0 14721600 10000 0.000679273991957396 11 2.0e-2 0
0.05 11 0 15254151 10000 0.0006555592638357913 11 2.0e-2 0
0.05 11 0 15299318 10000 0.0006536239066342696 11 2.0e-2 0
0.05 11 0 15161774 10000 0.0006595534269274822 11 2.0e-2 0
