0.05 13 0 34454979 10000 0.00029023381497344695 13 2.0e-2 0
0.05 13 0 34971674 10000 0.00028594570565881406 13 2.0e-2 0
0.05 13 0 33743740 10000 0.00029635126396777595 13 2.0e-2 0
0.05 13 0 40638868 10000 0.00024606984623685876 13 2.0e-2 0
0.05 13 0 39881205 10000 0.000250744680357577 13 2.0e-2 0
0.05 13 0 43418172 10000 0.00023031831003847883 13 2.0e-2 0
0.05 13 0 43489657 10000 0.0002299397302673599 13 2.0e-2 0
0.05 13 0 44019087 10000 0.00022717418014598986 13 2.0e-2 0
0.05 13 0 44629627 10000 0.0002240664032437466 13 2.0e-2 0
0.05 13 0 45170530 10000 0.00022138327799120356 13 2.0e-2 0
0.05 13 0 45597301 10000 0.0002193112263377168 13 2.0e-2 0
0.05 13 0 45785292 10000 0.0002184107507712302 13 2.0e-2 0
0.05 13 0 44781946 10000 0.00022330427534346096 13 2.0e-2 0
0.05 13 0 45244107 10000 0.0002210232594490151 13 2.0e-2 0
0.05 13 0 45327196 10000 0.00022061810309201567 13 2.0e-2 0
0.05 13 0 45372866 10000 0.0002203960402236879 13 2.0e-2 0
