0.05 15 0 97319030 10000 0.00010275482606022687 15 2.0e-2 0
0.05 15 0 96838221 10000 0.0001032650114462553 15 2.0e-2 0
0.05 15 0 98966346 10000 0.00010104444999919468 15 2.0e-2 0
0.05 15 0 100000009 8309 0.00008308999252190068 15 2.2e-2 0
0.05 15 0 100000009 8417 0.00008416999242470069 15 2.1e-2 0
0.05 15 0 100000009 7664 0.00007663999310240062 15 2.2e-2 0
0.05 15 0 100000009 7924 0.00007923999286840065 15 2.2e-2 0
0.05 15 0 100000009 7568 0.00007567999318880062 15 2.3e-2 0
0.05 15 0 100000009 7376 0.0000737599933616006 15 2.3e-2 0
0.05 15 0 100000009 7326 0.00007325999340660059 15 2.3e-2 0
0.05 15 0 100000009 7360 0.0000735999933760006 15 2.3e-2 0
0.05 15 0 100000009 7128 0.00007127999358480058 15 2.3e-2 0
0.05 15 0 100000009 7384 0.0000738399933544006 15 2.3e-2 0
0.05 15 0 100000009 7381 0.0000738099933571006 15 2.3e-2 0
0.05 15 0 100000009 7253 0.00007252999347230058 15 2.3e-2 0
0.05 15 0 100000009 7320 0.0000731999934120006 15 2.3e-2 0
