0.05 3 0 258575 10001 0.03867736633471913 3 1.9e-2 0
0.05 3 0 256068 10000 0.03905212677882437 3 1.9e-2 0
0.05 3 0 255668 10000 0.0391132249636247 3 1.9e-2 0
0.05 3 0 261920 10003 0.03819105070250458 3 1.9e-2 0
0.05 3 0 255159 10001 0.0391951685027767 3 1.9e-2 0
0.05 3 0 255566 10000 0.039128835604110096 3 1.9e-2 0
0.05 3 0 257628 10002 0.03882341981461642 3 1.9e-2 0
0.05 3 0 252763 10000 0.03956275245981413 3 1.9e-2 0
0.05 3 0 253335 10000 0.03947342451694397 3 1.9e-2 0
0.05 3 0 265749 10001 0.037633255440283876 3 1.9e-2 0
0.05 3 0 256634 10001 0.03896989486973667 3 1.9e-2 0
0.05 3 0 254619 10000 0.039274366799021285 3 1.9e-2 0
