0.05 5 0 562380 10001 0.017783349336747394 5 1.9e-2 0
0.05 5 0 558071 10001 0.01792065884090017 5 1.9e-2 0
0.05 5 0 560371 10000 0.017845320332422625 5 1.9e-2 0
0.05 5 0 591269 10000 0.0169127757416675 5 1.9e-2 0
0.05 5 0 598170 10000 0.016717655515990436 5 1.9e-2 0
0.05 5 0 604007 10001 0.01655775512535451 5 1.9e-2 0
0.05 5 0 605773 10000 0.016507833792526242 5 1.9e-2 0
0.05 5 0 601314 10000 0.016630246426991555 5 1.9e-2 0
0.05 5 0 596921 10002 0.01675598613551877 5 1.9e-2 0
0.05 5 0 596433 10000 0.016766342573264724 5 1.9e-2 0
0.05 5 0 593255 10001 0.01685784359171014 5 1.9e-2 0
0.05 5 0 603057 10000 0.016582180457237045 5 1.9e-2 0
