0.05 7 0 1524952 10000 0.006557583451807008 7 2.0e-2 0
0.05 7 0 1532695 10000 0.0065244552895390145 7 2.0e-2 0
0.05 7 0 1536247 10000 0.006509369912520577 7 2.0e-2 0
0.05 7 0 1650758 10000 0.006057823133372669 7 2.0e-2 0
0.05 7 0 1636107 10000 0.006112069687373748 7 2.0e-2 0
0.05 7 0 1696912 10000 0.005893057506812374 7 2.0e-2 0
0.05 7 0 1720583 10000 0.005811983496291664 7 2.0e-2 0
0.05 7 0 1679186 10000 0.005955266420753866 7 2.0e-2 0
0.05 7 0 1739746 10000 0.005747965507608582 7 2.0e-2 0
0.05 7 0 1711789 10000 0.005841841488641416 7 2.0e-2 0
0.05 7 0 1706665 10000 0.005859380722051486 7 2.0e-2 0
0.05 7 0 1693286 10000 0.005905676890968212 7 2.0e-2 0
