0.05 9 0 4238082 10000 0.0023595579321023046 9 2.0e-2 0
0.05 9 0 4221614 10000 0.0023687622790714642 9 2.0e-2 0
0.05 9 0 4303125 10000 0.0023238925199709514 9 2.0e-2 0
0.05 9 0 4756903 10000 0.0021022080963181296 9 2.0e-2 0
0.05 9 0 4703635 10000 0.002126015305184182 9 2.0e-2 0
0.05 9 0 4893738 10000 0.0020434277437819514 9 2.0e-2 0
0.05 9 0 4943893 10000 0.0020226974977006987 9 2.0e-2 0
0.05 9 0 5027703 10000 0.00198897985819767 9 2.0e-2 0
0.05 9 0 5004053 10000 0.001998380113080337 9 2.0e-2 0
0.05 9 0 4987519 10000 0.002005004893214442 9 2.0e-2 0
0.05 9 0 5040546 10000 0.0019839120603204496 9 2.0e-2 0
0.05 9 0 5030108 10000 0.0019880288852644912 9 2.0e-2 0
