0.05 3 0 2562603 100000 0.03902282171682465 3 6.1e-3 0
0.05 3 0 2557847 100001 0.039095770779096636 3 6.1e-3 0
0.05 3 0 2554125 100000 0.03915235158811726 3 6.1e-3 0
0.05 3 0 2551704 100000 0.0391894984684744 3 6.1e-3 0
0.05 3 0 2557038 100001 0.039108139965068955 3 6.1e-3 0
0.05 3 0 2563979 100000 0.039001879500573135 3 6.1e-3 0
0.05 3 0 2540994 100001 0.039355071283127784 3 6.1e-3 0
0.05 3 0 2553686 100000 0.03915908220509491 3 6.1e-3 0
0.05 3 0 2583124 100000 0.0387128144061222 3 6.1e-3 0
0.05 3 0 2551894 100001 0.03918697249964144 3 6.1e-3 0
0.05 3 0 2567458 100001 0.03894942000998653 3 6.1e-3 0
0.05 3 0 2561936 100001 0.03903337163769899 3 6.1e-3 0
0.05 3 0 2558718 100000 0.03908207156865274 3 6.1e-3 0
0.05 3 0 2556157 100000 0.039121227686718774 3 6.1e-3 0
0.05 3 0 2566956 100000 0.038956647484413444 3 6.1e-3 0
0.05 3 0 2554110 100000 0.03915258152546288 3 6.1e-3 0
