0.05 3 0 2547933 100000 0.03924749983614169 3 6.1e-3 0
0.05 3 0 2561803 100001 0.039035398116092454 3 6.1e-3 0
0.05 3 0 2549484 100000 0.039223623290046146 3 6.1e-3 0
0.05 3 0 2565585 100000 0.038977465178507045 3 6.1e-3 0
0.05 3 0 2566343 100000 0.03896595271949229 3 6.1e-3 0
0.05 3 0 2562088 100000 0.039030665613359106 3 6.1e-3 0
0.05 3 0 2556767 100001 0.039112285163255 3 6.1e-3 0
0.05 3 0 2556408 100000 0.03911738658304934 3 6.1e-3 0
0.05 3 0 2552631 100000 0.03917526661707078 3 6.1e-3 0
0.05 3 0 2561465 100000 0.03904015865920479 3 6.1e-3 0
0.05 3 0 2565842 100002 0.038974340586832704 3 6.1e-3 0
0.05 3 0 2563188 100001 0.039014305622529444 3 6.1e-3 0
0.05 3 0 2565269 100002 0.038983046222442946 3 6.1e-3 0
0.05 3 0 2568475 100000 0.03893360846416648 3 6.1e-3 0
0.05 3 0 2560200 100001 0.03905983907507226 3 6.1e-3 0
0.05 3 0 2547788 100000 0.039249733494309574 3 6.1e-3 0
