# <max_half_weight> <max_tree_size> ...
1 0 0.0025 11 11 100000011 27474 0.0002747399697786033 11 1.2e-2 0
1 1 0.0025 11 11 100000011 27258 0.0002725799700162033 11 1.2e-2 0
1 2 0.0025 11 11 100000011 26946 0.0002694599703594033 11 1.2e-2 0
1 3 0.0025 11 11 100000011 23915 0.00023914997369350288 11 1.3e-2 0
1 4 0.0025 11 11 100000011 24410 0.00024409997314900296 11 1.3e-2 0
1 5 0.0025 11 11 100000011 22697 0.00022696997503330276 11 1.3e-2 0
1 6 0.0025 11 11 100000011 22847 0.00022846997486830275 11 1.3e-2 0
1 7 0.0025 11 11 100000011 22131 0.00022130997565590269 11 1.3e-2 0
1 8 0.0025 11 11 100000011 22220 0.0002221999755580027 11 1.3e-2 0
1 9 0.0025 11 11 100000011 21589 0.0002158899762521026 11 1.3e-2 0
1 10 0.0025 11 11 100000011 21624 0.00021623997621360262 11 1.3e-2 0
1 11 0.0025 11 11 100000011 21648 0.00021647997618720263 11 1.3e-2 0
1 12 0.0025 11 11 100000011 22028 0.00022027997576920267 11 1.3e-2 0
1 13 0.0025 11 11 100000011 21546 0.0002154599762994026 11 1.3e-2 0
1 14 0.0025 11 11 100000011 21764 0.00021763997605960263 11 1.3e-2 0
1 15 0.0025 11 11 100000011 21873 0.00021872997593970264 11 1.3e-2 0
2 0 0.0025 11 11 100000011 27213 0.0002721299700657033 11 1.2e-2 0
2 1 0.0025 11 11 100000011 27419 0.00027418996983910333 11 1.2e-2 0
2 2 0.0025 11 11 100000011 27206 0.0002720599700734033 11 1.2e-2 0
2 3 0.0025 11 11 100000011 24142 0.00024141997344380293 11 1.3e-2 0
2 4 0.0025 11 11 100000011 24209 0.00024208997337010294 11 1.3e-2 0
2 5 0.0025 11 11 100000011 22893 0.00022892997481770277 11 1.3e-2 0
2 6 0.0025 11 11 100000011 22410 0.00022409997534900272 11 1.3e-2 0
2 7 0.0025 11 11 100000011 22005 0.00022004997579450267 11 1.3e-2 0
2 8 0.0025 11 11 100000011 21853 0.00021852997596170264 11 1.3e-2 0
2 9 0.0025 11 11 100000011 21710 0.00021709997611900263 11 1.3e-2 0
2 10 0.0025 11 11 100000011 21950 0.00021949997585500266 11 1.3e-2 0
2 11 0.0025 11 11 100000011 21265 0.00021264997660850257 11 1.3e-2 0
2 12 0.0025 11 11 100000011 21525 0.0002152499763225026 11 1.3e-2 0
2 13 0.0025 11 11 100000011 21698 0.0002169799761322026 11 1.3e-2 0
2 14 0.0025 11 11 100000011 21403 0.0002140299764567026 11 1.3e-2 0
2 15 0.0025 11 11 100000011 21582 0.00021581997625980261 11 1.3e-2 0
3 0 0.0025 11 11 100000011 27538 0.00027537996970820335 11 1.2e-2 0
3 1 0.0025 11 11 100000011 27360 0.0002735999699040033 11 1.2e-2 0
3 2 0.0025 11 11 100000011 27047 0.00027046997024830327 11 1.2e-2 0
3 3 0.0025 11 11 100000011 23931 0.0002393099736759029 11 1.3e-2 0
3 4 0.0025 11 11 100000011 24410 0.00024409997314900296 11 1.3e-2 0
3 5 0.0025 11 11 100000011 22788 0.00022787997493320275 11 1.3e-2 0
3 6 0.0025 11 11 100000011 22662 0.00022661997507180274 11 1.3e-2 0
3 7 0.0025 11 11 100000011 21986 0.00021985997581540267 11 1.3e-2 0
3 8 0.0025 11 11 100000011 21869 0.00021868997594410265 11 1.3e-2 0
3 9 0.0025 11 11 100000011 21923 0.00021922997588470265 11 1.3e-2 0
3 10 0.0025 11 11 100000011 21716 0.00021715997611240263 11 1.3e-2 0
3 11 0.0025 11 11 100000011 21809 0.00021808997601010263 11 1.3e-2 0
3 12 0.0025 11 11 100000011 21410 0.00021409997644900258 11 1.3e-2 0
3 13 0.0025 11 11 100000011 21724 0.00021723997610360263 11 1.3e-2 0
3 14 0.0025 11 11 100000011 21493 0.0002149299763577026 11 1.3e-2 0
3 15 0.0025 11 11 100000011 21753 0.00021752997607170263 11 1.3e-2 0
4 0 0.0025 11 11 100000011 18284 0.0001828399798876022 11 1.4e-2 0
4 1 0.0025 11 11 100000011 18464 0.00018463997968960223 11 1.4e-2 0
4 2 0.0025 11 11 100000011 18315 0.00018314997985350223 11 1.4e-2 0
4 3 0.0025 11 11 100000011 17100 0.00017099998119000207 11 1.5e-2 0
4 4 0.0025 11 11 100000011 17073 0.00017072998121970206 11 1.5e-2 0
4 5 0.0025 11 11 100000011 16180 0.00016179998220200196 11 1.5e-2 0
4 6 0.0025 11 11 100000011 16480 0.000164799981872002 11 1.5e-2 0
4 7 0.0025 11 11 100000011 16120 0.00016119998226800196 11 1.5e-2 0
4 8 0.0025 11 11 100000011 15963 0.00015962998244070192 11 1.6e-2 0
4 9 0.0025 11 11 100000011 15929 0.00015928998247810192 11 1.6e-2 0
4 10 0.0025 11 11 100000011 15894 0.00015893998251660194 11 1.6e-2 0
4 11 0.0025 11 11 100000011 15979 0.00015978998242310193 11 1.6e-2 0
4 12 0.0025 11 11 100000011 15852 0.0001585199825628019 11 1.6e-2 0
4 13 0.0025 11 11 100000011 16030 0.00016029998236700193 11 1.5e-2 0
4 14 0.0025 11 11 100000011 15913 0.00015912998249570192 11 1.6e-2 0
4 15 0.0025 11 11 100000011 16099 0.00016098998229110195 11 1.5e-2 0
5 0 0.0025 11 11 100000011 12837 0.00012836998587930157 11 1.7e-2 0
5 1 0.0025 11 11 100000011 12509 0.00012508998624010152 11 1.8e-2 0
5 2 0.0025 11 11 100000011 12831 0.00012830998588590154 11 1.7e-2 0
5 3 0.0025 11 11 100000011 11490 0.00011489998736100139 11 1.8e-2 0
5 4 0.0025 11 11 100000011 11489 0.00011488998736210138 11 1.8e-2 0
5 5 0.0025 11 11 100000011 11131 0.00011130998775590135 11 1.9e-2 0
5 6 0.0025 11 11 100000011 11084 0.00011083998780760134 11 1.9e-2 0
5 7 0.0025 11 11 100000011 10816 0.00010815998810240131 11 1.9e-2 0
5 8 0.0025 11 11 100000011 11009 0.00011008998789010133 11 1.9e-2 0
5 9 0.0025 11 11 100000011 10551 0.00010550998839390128 11 1.9e-2 0
5 10 0.0025 11 11 100000011 10579 0.00010578998836310128 11 1.9e-2 0
5 11 0.0025 11 11 100000011 10684 0.00010683998824760129 11 1.9e-2 0
5 12 0.0025 11 11 100000011 10439 0.00010438998851710126 11 1.9e-2 0
5 13 0.0025 11 11 100000011 10403 0.00010402998855670126 11 1.9e-2 0
5 14 0.0025 11 11 100000011 10562 0.00010561998838180128 11 1.9e-2 0
5 15 0.0025 11 11 100000011 10630 0.00010629998830700128 11 1.9e-2 0
6 0 0.0025 11 11 100000011 15048 0.00015047998344720181 11 1.6e-2 0
6 1 0.0025 11 11 100000011 14998 0.0001499799835022018 11 1.6e-2 0
6 2 0.0025 11 11 100000011 15199 0.00015198998328110183 11 1.6e-2 0
6 3 0.0025 11 11 100000011 12962 0.00012961998574180156 11 1.7e-2 0
6 4 0.0025 11 11 100000011 13346 0.00013345998531940161 11 1.7e-2 0
6 5 0.0025 11 11 100000011 12575 0.00012574998616750153 11 1.7e-2 0
6 6 0.0025 11 11 100000011 12421 0.0001242099863369015 11 1.8e-2 0
6 7 0.0025 11 11 100000011 12248 0.00012247998652720147 11 1.8e-2 0
6 8 0.0025 11 11 100000011 12126 0.00012125998666140146 11 1.8e-2 0
6 9 0.0025 11 11 100000011 11927 0.00011926998688030144 11 1.8e-2 0
6 10 0.0025 11 11 100000011 11837 0.00011836998697930143 11 1.8e-2 0
6 11 0.0025 11 11 100000011 11833 0.00011832998698370143 11 1.8e-2 0
6 12 0.0025 11 11 100000011 11920 0.00011919998688800144 11 1.8e-2 0
6 13 0.0025 11 11 100000011 11671 0.00011670998716190141 11 1.8e-2 0
6 14 0.0025 11 11 100000011 12032 0.00012031998676480146 11 1.8e-2 0
6 15 0.0025 11 11 100000011 11962 0.00011961998684180145 11 1.8e-2 0
7 0 0.0025 11 11 100000011 13737 0.00013736998488930166 11 1.7e-2 0
7 1 0.0025 11 11 100000011 13988 0.0001398799846132017 11 1.7e-2 0
7 2 0.0025 11 11 100000011 13781 0.00013780998484090167 11 1.7e-2 0
7 3 0.0025 11 11 100000011 12619 0.00012618998611910152 11 1.7e-2 0
7 4 0.0025 11 11 100000011 12793 0.00012792998592770156 11 1.7e-2 0
7 5 0.0025 11 11 100000011 12152 0.00012151998663280147 11 1.8e-2 0
7 6 0.0025 11 11 100000011 12249 0.0001224899865261015 11 1.8e-2 0
7 7 0.0025 11 11 100000011 11830 0.00011829998698700143 11 1.8e-2 0
7 8 0.0025 11 11 100000011 12013 0.00012012998678570145 11 1.8e-2 0
7 9 0.0025 11 11 100000011 11704 0.00011703998712560142 11 1.8e-2 0
7 10 0.0025 11 11 100000011 11913 0.00011912998689570144 11 1.8e-2 0
7 11 0.0025 11 11 100000011 11770 0.00011769998705300143 11 1.8e-2 0
7 12 0.0025 11 11 100000011 11806 0.00011805998701340143 11 1.8e-2 0
7 13 0.0025 11 11 100000011 11804 0.00011803998701560142 11 1.8e-2 0
7 14 0.0025 11 11 100000011 11802 0.00011801998701780143 11 1.8e-2 0
7 15 0.0025 11 11 100000011 11706 0.00011705998712340142 11 1.8e-2 0
8 0 0.0025 11 11 100000011 14295 0.00014294998427550172 11 1.6e-2 0
8 1 0.0025 11 11 100000011 14299 0.00014298998427110174 11 1.6e-2 0
8 2 0.0025 11 11 100000011 14443 0.00014442998411270174 11 1.6e-2 0
8 3 0.0025 11 11 100000011 12823 0.00012822998589470154 11 1.7e-2 0
8 4 0.0025 11 11 100000011 13040 0.00013039998565600157 11 1.7e-2 0
8 5 0.0025 11 11 100000011 12488 0.0001248799862632015 11 1.8e-2 0
8 6 0.0025 11 11 100000011 12406 0.0001240599863534015 11 1.8e-2 0
8 7 0.0025 11 11 100000011 12232 0.0001223199865448015 11 1.8e-2 0
8 8 0.0025 11 11 100000011 12056 0.00012055998673840146 11 1.8e-2 0
8 9 0.0025 11 11 100000011 11843 0.00011842998697270143 11 1.8e-2 0
8 10 0.0025 11 11 100000011 12070 0.00012069998672300146 11 1.8e-2 0
8 11 0.0025 11 11 100000011 11969 0.00011968998683410145 11 1.8e-2 0
8 12 0.0025 11 11 100000011 11852 0.00011851998696280144 11 1.8e-2 0
8 13 0.0025 11 11 100000011 11654 0.00011653998718060141 11 1.8e-2 0
8 14 0.0025 11 11 100000011 11677 0.00011676998715530141 11 1.8e-2 0
8 15 0.0025 11 11 100000011 11688 0.00011687998714320141 11 1.8e-2 0
10 0 0.0025 11 11 100000011 11550 0.0001154999872950014 11 1.8e-2 0
10 1 0.0025 11 11 100000011 11647 0.00011646998718830141 11 1.8e-2 0
10 2 0.0025 11 11 100000011 11749 0.00011748998707610142 11 1.8e-2 0
10 3 0.0025 11 11 100000011 10633 0.00010632998830370129 11 1.9e-2 0
10 4 0.0025 11 11 100000011 10769 0.0001076899881541013 11 1.9e-2 0
10 5 0.0025 11 11 100000011 10169 0.00010168998881410123 11 1.9e-2 0
10 6 0.0025 11 11 100000011 10159 0.00010158998882510123 11 1.9e-2 0
10 7 0.0025 11 11 100000011 9943 0.0000994299890627012 11 2.0e-2 0
10 8 0.0025 11 11 100000011 9782 0.00009781998923980118 11 2.0e-2 0
10 9 0.0025 11 11 100000011 9560 0.00009559998948400115 11 2.0e-2 0
10 10 0.0025 11 11 100000011 9516 0.00009515998953240116 11 2.0e-2 0
10 11 0.0025 11 11 100000011 9590 0.00009589998945100116 11 2.0e-2 0
10 12 0.0025 11 11 100000011 9706 0.00009705998932340118 11 2.0e-2 0
10 13 0.0025 11 11 100000011 9457 0.00009456998959730114 11 2.0e-2 0
10 14 0.0025 11 11 100000011 9426 0.00009425998963140114 11 2.0e-2 0
10 15 0.0025 11 11 100000011 9714 0.00009713998931460118 11 2.0e-2 0
12 0 0.0025 11 11 100000011 12889 0.00012888998582210156 11 1.7e-2 0
12 1 0.0025 11 11 100000011 13156 0.0001315599855284016 11 1.7e-2 0
12 2 0.0025 11 11 100000011 13054 0.00013053998564060157 11 1.7e-2 0
12 3 0.0025 11 11 100000011 11980 0.00011979998682200144 11 1.8e-2 0
12 4 0.0025 11 11 100000011 11760 0.00011759998706400143 11 1.8e-2 0
12 5 0.0025 11 11 100000011 11354 0.00011353998751060138 11 1.8e-2 0
12 6 0.0025 11 11 100000011 11281 0.00011280998759090136 11 1.8e-2 0
12 7 0.0025 11 11 100000011 11118 0.00011117998777020134 11 1.9e-2 0
12 8 0.0025 11 11 100000011 10712 0.00010711998821680129 11 1.9e-2 0
12 9 0.0025 11 11 100000011 10780 0.0001077999881420013 11 1.9e-2 0
12 10 0.0025 11 11 100000011 10921 0.00010920998798690132 11 1.9e-2 0
12 11 0.0025 11 11 100000011 10815 0.00010814998810350131 11 1.9e-2 0
12 12 0.0025 11 11 100000011 10791 0.00010790998812990131 11 1.9e-2 0
12 13 0.0025 11 11 100000011 10683 0.00010682998824870129 11 1.9e-2 0
12 14 0.0025 11 11 100000011 10472 0.00010471998848080127 11 1.9e-2 0
12 15 0.0025 11 11 100000011 10692 0.0001069199882388013 11 1.9e-2 0
14 0 0.0025 11 11 100000011 11794 0.00011793998702660143 11 1.8e-2 0
14 1 0.0025 11 11 100000011 11639 0.00011638998719710141 11 1.8e-2 0
14 2 0.0025 11 11 100000011 11673 0.00011672998715970141 11 1.8e-2 0
14 3 0.0025 11 11 100000011 10931 0.00010930998797590132 11 1.9e-2 0
14 4 0.0025 11 11 100000011 10925 0.00010924998798250132 11 1.9e-2 0
14 5 0.0025 11 11 100000011 10263 0.00010262998871070124 11 1.9e-2 0
14 6 0.0025 11 11 100000011 10382 0.00010381998857980126 11 1.9e-2 0
14 7 0.0025 11 11 100000011 10247 0.00010246998872830124 11 1.9e-2 0
14 8 0.0025 11 11 100000011 10110 0.00010109998887900123 11 1.9e-2 0
14 9 0.0025 11 11 100000011 10025 0.00010024998897250122 11 2.0e-2 0
14 10 0.0025 11 11 100000011 10110 0.00010109998887900123 11 1.9e-2 0
14 11 0.0025 11 11 100000011 9802 0.00009801998921780119 11 2.0e-2 0
14 12 0.0025 11 11 100000011 9867 0.00009866998914630119 11 2.0e-2 0
14 13 0.0025 11 11 100000011 9862 0.0000986199891518012 11 2.0e-2 0
14 14 0.0025 11 11 100000011 9907 0.0000990699891023012 11 2.0e-2 0
14 15 0.0025 11 11 100000011 9901 0.0000990099891089012 11 2.0e-2 0
16 0 0.0025 11 11 100000011 13063 0.0001306299856307016 11 1.7e-2 0
16 1 0.0025 11 11 100000011 12873 0.00012872998583970155 11 1.7e-2 0
16 2 0.0025 11 11 100000011 13274 0.0001327399853986016 11 1.7e-2 0
16 3 0.0025 11 11 100000011 11762 0.00011761998706180142 11 1.8e-2 0
16 4 0.0025 11 11 100000011 11956 0.00011955998684840144 11 1.8e-2 0
16 5 0.0025 11 11 100000011 11335 0.00011334998753150137 11 1.8e-2 0
16 6 0.0025 11 11 100000011 11280 0.00011279998759200137 11 1.8e-2 0
16 7 0.0025 11 11 100000011 10914 0.00010913998799460132 11 1.9e-2 0
16 8 0.0025 11 11 100000011 11094 0.00011093998779660134 11 1.9e-2 0
16 9 0.0025 11 11 100000011 10630 0.00010629998830700128 11 1.9e-2 0
16 10 0.0025 11 11 100000011 10860 0.00010859998805400131 11 1.9e-2 0
16 11 0.0025 11 11 100000011 10783 0.0001078299881387013 11 1.9e-2 0
16 12 0.0025 11 11 100000011 10750 0.0001074999881750013 11 1.9e-2 0
16 13 0.0025 11 11 100000011 10667 0.00010666998826630129 11 1.9e-2 0
16 14 0.0025 11 11 100000011 10396 0.00010395998856440126 11 1.9e-2 0
16 15 0.0025 11 11 100000011 10559 0.00010558998838510128 11 1.9e-2 0
20 0 0.0025 11 11 100000011 11888 0.00011887998692320145 11 1.8e-2 0
20 1 0.0025 11 11 100000011 11764 0.00011763998705960143 11 1.8e-2 0
20 2 0.0025 11 11 100000011 11678 0.00011677998715420141 11 1.8e-2 0
20 3 0.0025 11 11 100000011 10840 0.00010839998807600131 11 1.9e-2 0
20 4 0.0025 11 11 100000011 10948 0.00010947998795720132 11 1.9e-2 0
20 5 0.0025 11 11 100000011 10348 0.00010347998861720125 11 1.9e-2 0
20 6 0.0025 11 11 100000011 10357 0.00010356998860730126 11 1.9e-2 0
20 7 0.0025 11 11 100000011 10113 0.00010112998887570123 11 1.9e-2 0
20 8 0.0025 11 11 100000011 10240 0.00010239998873600124 11 1.9e-2 0
20 9 0.0025 11 11 100000011 9801 0.00009800998921890119 11 2.0e-2 0
20 10 0.0025 11 11 100000011 9911 0.0000991099890979012 11 2.0e-2 0
20 11 0.0025 11 11 100000011 9673 0.00009672998935970117 11 2.0e-2 0
20 12 0.0025 11 11 100000011 9832 0.00009831998918480119 11 2.0e-2 0
20 13 0.0025 11 11 100000011 9722 0.00009721998930580117 11 2.0e-2 0
20 14 0.0025 11 11 100000011 9805 0.00009804998921450119 11 2.0e-2 0
20 15 0.0025 11 11 100000011 9706 0.00009705998932340118 11 2.0e-2 0
24 0 0.0025 11 11 100000011 12053 0.00012052998674170146 11 1.8e-2 0
24 1 0.0025 11 11 100000011 12111 0.00012110998667790146 11 1.8e-2 0
24 2 0.0025 11 11 100000011 12147 0.00012146998663830147 11 1.8e-2 0
24 3 0.0025 11 11 100000011 11133 0.00011132998775370135 11 1.9e-2 0
24 4 0.0025 11 11 100000011 11142 0.00011141998774380135 11 1.9e-2 0
24 5 0.0025 11 11 100000011 10723 0.0001072299882047013 11 1.9e-2 0
24 6 0.0025 11 11 100000011 10681 0.00010680998825090129 11 1.9e-2 0
24 7 0.0025 11 11 100000011 10189 0.00010188998879210123 11 1.9e-2 0
24 8 0.0025 11 11 100000011 10266 0.00010265998870740124 11 1.9e-2 0
24 9 0.0025 11 11 100000011 10046 0.00010045998894940122 11 2.0e-2 0
24 10 0.0025 11 11 100000011 10292 0.00010291998867880124 11 1.9e-2 0
24 11 0.0025 11 11 100000011 10178 0.00010177998880420123 11 1.9e-2 0
24 12 0.0025 11 11 100000011 10155 0.00010154998882950123 11 1.9e-2 0
24 13 0.0025 11 11 100000011 10262 0.00010261998871180125 11 1.9e-2 0
24 14 0.0025 11 11 100000011 10179 0.00010178998880310123 11 1.9e-2 0
24 15 0.0025 11 11 100000011 9936 0.0000993599890704012 11 2.0e-2 0
28 0 0.0025 11 11 100000011 12042 0.00012041998675380146 11 1.8e-2 0
28 1 0.0025 11 11 100000011 12282 0.0001228199864898015 11 1.8e-2 0
28 2 0.0025 11 11 100000011 12040 0.00012039998675600146 11 1.8e-2 0
28 3 0.0025 11 11 100000011 11037 0.00011036998785930133 11 1.9e-2 0
28 4 0.0025 11 11 100000011 11204 0.00011203998767560136 11 1.9e-2 0
28 5 0.0025 11 11 100000011 10631 0.00010630998830590128 11 1.9e-2 0
28 6 0.0025 11 11 100000011 10450 0.00010449998850500126 11 1.9e-2 0
28 7 0.0025 11 11 100000011 10342 0.00010341998862380125 11 1.9e-2 0
28 8 0.0025 11 11 100000011 10266 0.00010265998870740124 11 1.9e-2 0
28 9 0.0025 11 11 100000011 10139 0.00010138998884710122 11 1.9e-2 0
28 10 0.0025 11 11 100000011 10275 0.00010274998869750124 11 1.9e-2 0
28 11 0.0025 11 11 100000011 10302 0.00010301998866780124 11 1.9e-2 0
28 12 0.0025 11 11 100000011 10231 0.00010230998874590123 11 1.9e-2 0
28 13 0.0025 11 11 100000011 10154 0.00010153998883060123 11 1.9e-2 0
28 14 0.0025 11 11 100000011 10040 0.00010039998895600121 11 2.0e-2 0
28 15 0.0025 11 11 100000011 10093 0.00010092998889770122 11 2.0e-2 0
32 0 0.0025 11 11 100000011 12323 0.00012322998644470149 11 1.8e-2 0
32 1 0.0025 11 11 100000011 12331 0.0001233099864359015 11 1.8e-2 0
32 2 0.0025 11 11 100000011 12354 0.00012353998641060149 11 1.8e-2 0
32 3 0.0025 11 11 100000011 11033 0.00011032998786370133 11 1.9e-2 0
32 4 0.0025 11 11 100000011 11001 0.00011000998789890132 11 1.9e-2 0
32 5 0.0025 11 11 100000011 10695 0.0001069499882355013 11 1.9e-2 0
32 6 0.0025 11 11 100000011 10657 0.00010656998827730129 11 1.9e-2 0
32 7 0.0025 11 11 100000011 10362 0.00010361998860180125 11 1.9e-2 0
32 8 0.0025 11 11 100000011 10413 0.00010412998854570126 11 1.9e-2 0
32 9 0.0025 11 11 100000011 10227 0.00010226998875030123 11 1.9e-2 0
32 10 0.0025 11 11 100000011 10191 0.00010190998878990124 11 1.9e-2 0
32 11 0.0025 11 11 100000011 10075 0.00010074998891750121 11 2.0e-2 0
32 12 0.0025 11 11 100000011 10080 0.00010079998891200122 11 2.0e-2 0
32 13 0.0025 11 11 100000011 10185 0.00010184998879650123 11 1.9e-2 0
32 14 0.0025 11 11 100000011 10243 0.00010242998873270124 11 1.9e-2 0
32 15 0.0025 11 11 100000011 10263 0.00010262998871070124 11 1.9e-2 0
64 0 0.0025 11 11 100000011 12116 0.00012115998667240147 11 1.8e-2 0
64 1 0.0025 11 11 100000011 12410 0.0001240999863490015 11 1.8e-2 0
64 2 0.0025 11 11 100000011 11876 0.00011875998693640144 11 1.8e-2 0
64 3 0.0025 11 11 100000011 11125 0.00011124998776250134 11 1.9e-2 0
64 4 0.0025 11 11 100000011 11194 0.00011193998768660136 11 1.9e-2 0
64 5 0.0025 11 11 100000011 10720 0.0001071999882080013 11 1.9e-2 0
64 6 0.0025 11 11 100000011 10673 0.00010672998825970129 11 1.9e-2 0
64 7 0.0025 11 11 100000011 10337 0.00010336998862930125 11 1.9e-2 0
64 8 0.0025 11 11 100000011 10341 0.00010340998862490125 11 1.9e-2 0
64 9 0.0025 11 11 100000011 10227 0.00010226998875030123 11 1.9e-2 0
64 10 0.0025 11 11 100000011 10219 0.00010218998875910124 11 1.9e-2 0
64 11 0.0025 11 11 100000011 9889 0.0000988899891221012 11 2.0e-2 0
64 12 0.0025 11 11 100000011 10140 0.00010139998884600123 11 1.9e-2 0
64 13 0.0025 11 11 100000011 10038 0.00010037998895820122 11 2.0e-2 0
64 14 0.0025 11 11 100000011 10047 0.00010046998894830121 11 2.0e-2 0
64 15 0.0025 11 11 100000011 9734 0.00009733998929260118 11 2.0e-2 0
128 0 0.0025 11 11 100000011 12181 0.00012180998660090148 11 1.8e-2 0
128 1 0.0025 11 11 100000011 12267 0.00012266998650630148 11 1.8e-2 0
128 2 0.0025 11 11 100000011 12233 0.00012232998654370148 11 1.8e-2 0
128 3 0.0025 11 11 100000011 10890 0.00010889998802100132 11 1.9e-2 0
128 4 0.0025 11 11 100000011 11023 0.00011022998787470133 11 1.9e-2 0
128 5 0.0025 11 11 100000011 10589 0.00010588998835210128 11 1.9e-2 0
128 6 0.0025 11 11 100000011 10587 0.00010586998835430129 11 1.9e-2 0
128 7 0.0025 11 11 100000011 10287 0.00010286998868430124 11 1.9e-2 0
128 8 0.0025 11 11 100000011 10311 0.00010310998865790125 11 1.9e-2 0
128 9 0.0025 11 11 100000011 10050 0.00010049998894500122 11 2.0e-2 0
128 10 0.0025 11 11 100000011 9921 0.0000992099890869012 11 2.0e-2 0
128 11 0.0025 11 11 100000011 10008 0.0001000799889912012 11 2.0e-2 0
128 12 0.0025 11 11 100000011 10075 0.00010074998891750121 11 2.0e-2 0
128 13 0.0025 11 11 100000011 9990 0.00009989998901100122 11 2.0e-2 0
128 14 0.0025 11 11 100000011 10186 0.00010185998879540123 11 1.9e-2 0
128 15 0.0025 11 11 100000011 10039 0.00010038998895710122 11 2.0e-2 0
256 0 0.0025 11 11 100000011 11928 0.00011927998687920144 11 1.8e-2 0
256 1 0.0025 11 11 100000011 12153 0.00012152998663170148 11 1.8e-2 0
256 2 0.0025 11 11 100000011 11967 0.00011966998683630145 11 1.8e-2 0
256 3 0.0025 11 11 100000011 11087 0.00011086998780430134 11 1.9e-2 0
256 4 0.0025 11 11 100000011 11048 0.00011047998784720133 11 1.9e-2 0
256 5 0.0025 11 11 100000011 10576 0.00010575998836640128 11 1.9e-2 0
256 6 0.0025 11 11 100000011 10445 0.00010444998851050127 11 1.9e-2 0
256 7 0.0025 11 11 100000011 10205 0.00010204998877450124 11 1.9e-2 0
256 8 0.0025 11 11 100000011 10351 0.00010350998861390125 11 1.9e-2 0
256 9 0.0025 11 11 100000011 10120 0.00010119998886800123 11 1.9e-2 0
256 10 0.0025 11 11 100000011 10047 0.00010046998894830121 11 2.0e-2 0
256 11 0.0025 11 11 100000011 10083 0.00010082998890870122 11 2.0e-2 0
256 12 0.0025 11 11 100000011 10052 0.00010051998894280122 11 2.0e-2 0
256 13 0.0025 11 11 100000011 9869 0.0000986899891441012 11 2.0e-2 0
256 14 0.0025 11 11 100000011 9803 0.00009802998921670118 11 2.0e-2 0
256 15 0.0025 11 11 100000011 10111 0.00010110998887790122 11 1.9e-2 0
512 0 0.0025 11 11 100000011 12064 0.00012063998672960146 11 1.8e-2 0
512 1 0.0025 11 11 100000011 12086 0.00012085998670540146 11 1.8e-2 0
512 2 0.0025 11 11 100000011 11893 0.00011892998691770144 11 1.8e-2 0
512 3 0.0025 11 11 100000011 10879 0.00010878998803310132 11 1.9e-2 0
512 4 0.0025 11 11 100000011 11015 0.00011014998788350134 11 1.9e-2 0
512 5 0.0025 11 11 100000011 10545 0.00010544998840050127 11 1.9e-2 0
512 6 0.0025 11 11 100000011 10495 0.00010494998845550127 11 1.9e-2 0
512 7 0.0025 11 11 100000011 10217 0.00010216998876130123 11 1.9e-2 0
512 8 0.0025 11 11 100000011 10120 0.00010119998886800123 11 1.9e-2 0
512 9 0.0025 11 11 100000011 10056 0.00010055998893840122 11 2.0e-2 0
512 10 0.0025 11 11 100000011 10153 0.00010152998883170122 11 1.9e-2 0
512 11 0.0025 11 11 100000011 10057 0.00010056998893730122 11 2.0e-2 0
512 12 0.0025 11 11 100000011 10009 0.00010008998899010121 11 2.0e-2 0
512 13 0.0025 11 11 100000011 9982 0.00009981998901980121 11 2.0e-2 0
512 14 0.0025 11 11 100000011 9844 0.0000984399891716012 11 2.0e-2 0
512 15 0.0025 11 11 100000011 9767 0.00009766998925630119 11 2.0e-2 0
1024 0 0.0025 11 11 100000011 12102 0.00012101998668780146 11 1.8e-2 0
1024 1 0.0025 11 11 100000011 12100 0.00012099998669000147 11 1.8e-2 0
1024 2 0.0025 11 11 100000011 12057 0.00012056998673730146 11 1.8e-2 0
1024 3 0.0025 11 11 100000011 10961 0.00010960998794290133 11 1.9e-2 0
1024 4 0.0025 11 11 100000011 10983 0.00010982998791870133 11 1.9e-2 0
1024 5 0.0025 11 11 100000011 10579 0.00010578998836310128 11 1.9e-2 0
1024 6 0.0025 11 11 100000011 10366 0.00010365998859740125 11 1.9e-2 0
1024 7 0.0025 11 11 100000011 9955 0.0000995499890495012 11 2.0e-2 0
1024 8 0.0025 11 11 100000011 10228 0.00010227998874920124 11 1.9e-2 0
1024 9 0.0025 11 11 100000011 10208 0.00010207998877120124 11 1.9e-2 0
1024 10 0.0025 11 11 100000011 9923 0.0000992299890847012 11 2.0e-2 0
1024 11 0.0025 11 11 100000011 10205 0.00010204998877450124 11 1.9e-2 0
1024 12 0.0025 11 11 100000011 9834 0.0000983399891826012 11 2.0e-2 0
1024 13 0.0025 11 11 100000011 10015 0.0001001499889835012 11 2.0e-2 0
1024 14 0.0025 11 11 100000011 9815 0.00009814998920350119 11 2.0e-2 0
1024 15 0.0025 11 11 100000011 9890 0.0000988999891210012 11 2.0e-2 0
