# <max_half_weight> <max_tree_size> ...
1 0 0.0025 3 3 12691189 100000 0.007879482371588666 3 6.2e-3 0
1 1 0.0025 3 3 12672276 100000 0.007891242267766264 3 6.2e-3 0
1 2 0.0025 3 3 12619227 100000 0.007924415655570663 3 6.2e-3 0
1 3 0.0025 3 3 12434818 100000 0.008041935153373375 3 6.2e-3 0
1 4 0.0025 3 3 12438619 100000 0.00803947769442894 3 6.2e-3 0
1 5 0.0025 3 3 12349555 100000 0.008097457762648128 3 6.2e-3 0
1 6 0.0025 3 3 12448824 100000 0.008032887283168274 3 6.2e-3 0
1 7 0.0025 3 3 12360461 100000 0.008090313136378974 3 6.2e-3 0
1 8 0.0025 3 3 12436599 100000 0.008040783497160277 3 6.2e-3 0
1 9 0.0025 3 3 12477263 100000 0.008014578197157502 3 6.2e-3 0
1 10 0.0025 3 3 12438193 100000 0.00803975304129788 3 6.2e-3 0
1 11 0.0025 3 3 12363705 100000 0.00808819039276657 3 6.2e-3 0
1 12 0.0025 3 3 12445650 100000 0.008034935901298848 3 6.2e-3 0
1 13 0.0025 3 3 12465844 100000 0.008021919735238144 3 6.2e-3 0
1 14 0.0025 3 3 12476981 100000 0.008014759339619095 3 6.2e-3 0
1 15 0.0025 3 3 12443261 100000 0.00803647854047263 3 6.2e-3 0
2 0 0.0025 3 3 12644049 100000 0.007908858942258132 3 6.2e-3 0
2 1 0.0025 3 3 12636202 100001 0.007913849430390555 3 6.2e-3 0
2 2 0.0025 3 3 12665818 100000 0.007895265824915532 3 6.2e-3 0
2 3 0.0025 3 3 12474138 100000 0.008016585995761792 3 6.2e-3 0
2 4 0.0025 3 3 12498038 100001 0.008001335889681244 3 6.2e-3 0
2 5 0.0025 3 3 12460345 100000 0.00802545996920631 3 6.2e-3 0
2 6 0.0025 3 3 12480588 100000 0.008012443003486695 3 6.2e-3 0
2 7 0.0025 3 3 12484500 100001 0.00801001241539509 3 6.2e-3 0
2 8 0.0025 3 3 12415319 100000 0.008054565492839933 3 6.2e-3 0
2 9 0.0025 3 3 12435235 100000 0.008041665477170315 3 6.2e-3 0
2 10 0.0025 3 3 12453034 100000 0.008030171603161126 3 6.2e-3 0
2 11 0.0025 3 3 12476255 100000 0.008015225722783 3 6.2e-3 0
2 12 0.0025 3 3 12460782 100000 0.008025178516083501 3 6.2e-3 0
2 13 0.0025 3 3 12433854 100000 0.00804255864673978 3 6.2e-3 0
2 14 0.0025 3 3 12409097 100000 0.008058604103102747 3 6.2e-3 0
2 15 0.0025 3 3 12458559 100000 0.008026610461129574 3 6.2e-3 0
3 0 0.0025 3 3 12705622 100000 0.007870531643393767 3 6.2e-3 0
3 1 0.0025 3 3 12629551 100000 0.007917937858598456 3 6.2e-3 0
3 2 0.0025 3 3 12620110 100000 0.007923861202477633 3 6.2e-3 0
3 3 0.0025 3 3 12479366 100000 0.00801322759505571 3 6.2e-3 0
3 4 0.0025 3 3 12486694 100000 0.008008524914601094 3 6.2e-3 0
3 5 0.0025 3 3 12478188 100000 0.008013984081663138 3 6.2e-3 0
3 6 0.0025 3 3 12470829 100000 0.008018713110411505 3 6.2e-3 0
3 7 0.0025 3 3 12379318 100000 0.0080779894336667 3 6.2e-3 0
3 8 0.0025 3 3 12416973 100000 0.008053492586317133 3 6.2e-3 0
3 9 0.0025 3 3 12376882 100002 0.008079740923440977 3 6.2e-3 0
3 10 0.0025 3 3 12509966 100000 0.007993626841192054 3 6.2e-3 0
3 11 0.0025 3 3 12463864 100001 0.00802327432327567 3 6.2e-3 0
3 12 0.0025 3 3 12389046 100000 0.008071646517415465 3 6.2e-3 0
3 13 0.0025 3 3 12515561 100001 0.007990133242928544 3 6.2e-3 0
3 14 0.0025 3 3 12504411 100000 0.007997177955842942 3 6.2e-3 0
3 15 0.0025 3 3 12496098 100000 0.008002498059794345 3 6.2e-3 0
4 0 0.0025 3 3 12697578 100001 0.007875596432642509 3 6.2e-3 0
4 1 0.0025 3 3 12700605 100000 0.007873640665149416 3 6.2e-3 0
4 2 0.0025 3 3 12654522 100000 0.00790231349710404 3 6.2e-3 0
4 3 0.0025 3 3 13447068 100000 0.007436565353874912 3 6.2e-3 0
4 4 0.0025 3 3 13478127 100000 0.007419428530388532 3 6.2e-3 0
4 5 0.0025 3 3 13495540 100000 0.007409855404081645 3 6.2e-3 0
4 6 0.0025 3 3 13544295 100000 0.007383182365711911 3 6.2e-3 0
4 7 0.0025 3 3 13505865 100001 0.0074042647398000795 3 6.2e-3 0
4 8 0.0025 3 3 13529504 100000 0.0073912539587556204 3 6.2e-3 0
4 9 0.0025 3 3 13541406 100000 0.007384757535517361 3 6.2e-3 0
4 10 0.0025 3 3 13529938 100000 0.007391016869404723 3 6.2e-3 0
4 11 0.0025 3 3 13455912 100000 0.007431677615014129 3 6.2e-3 0
4 12 0.0025 3 3 13510790 100000 0.00740149169663654 3 6.2e-3 0
4 13 0.0025 3 3 13492394 100001 0.007411657264085232 3 6.2e-3 0
4 14 0.0025 3 3 13512628 100000 0.0074004849389770816 3 6.2e-3 0
4 15 0.0025 3 3 13536490 100000 0.007387439432230955 3 6.2e-3 0
5 0 0.0025 3 3 13811464 100000 0.007240362064441539 3 6.2e-3 0
5 1 0.0025 3 3 13752063 100000 0.007271636262864706 3 6.2e-3 0
5 2 0.0025 3 3 13691747 100000 0.007303669867694751 3 6.2e-3 0
5 3 0.0025 3 3 14074695 100000 0.007104949698732371 3 6.2e-3 0
5 4 0.0025 3 3 14113318 100000 0.007085506044716062 3 6.2e-3 0
5 5 0.0025 3 3 14091480 100000 0.007096486671378734 3 6.2e-3 0
5 6 0.0025 3 3 14073683 100000 0.007105460596206409 3 6.2e-3 0
5 7 0.0025 3 3 14110041 100000 0.007087151624860622 3 6.2e-3 0
5 8 0.0025 3 3 14149640 100000 0.007067317613734342 3 6.2e-3 0
5 9 0.0025 3 3 14130401 100000 0.007076939996253468 3 6.2e-3 0
5 10 0.0025 3 3 14101940 100000 0.007091222909755679 3 6.2e-3 0
5 11 0.0025 3 3 14137542 100000 0.007073365370019767 3 6.2e-3 0
5 12 0.0025 3 3 14175914 100000 0.007054218867298433 3 6.2e-3 0
5 13 0.0025 3 3 14075962 100000 0.007104310170771987 3 6.2e-3 0
5 14 0.0025 3 3 14161324 100000 0.0070614866237083485 3 6.2e-3 0
5 15 0.0025 3 3 14151020 100000 0.007066628412651526 3 6.2e-3 0
6 0 0.0025 3 3 13935046 100000 0.007176151409905644 3 6.2e-3 0
6 1 0.0025 3 3 13948851 100000 0.007169049264344425 3 6.2e-3 0
6 2 0.0025 3 3 13930367 100000 0.007178561770842075 3 6.2e-3 0
6 3 0.0025 3 3 14063252 100000 0.007110730860827922 3 6.2e-3 0
6 4 0.0025 3 3 14014597 100000 0.007135417450819314 3 6.2e-3 0
6 5 0.0025 3 3 14061083 100000 0.007111827730481358 3 6.2e-3 0
6 6 0.0025 3 3 14057896 100000 0.007113440019758291 3 6.2e-3 0
6 7 0.0025 3 3 14053803 100000 0.007115511723054606 3 6.2e-3 0
6 8 0.0025 3 3 13983840 100000 0.007151111568782251 3 6.2e-3 0
6 9 0.0025 3 3 14045167 100000 0.007119886862149805 3 6.2e-3 0
6 10 0.0025 3 3 13997645 100000 0.007144058875618006 3 6.2e-3 0
6 11 0.0025 3 3 14013787 100000 0.007135829879532206 3 6.2e-3 0
6 12 0.0025 3 3 14024732 100000 0.007130261027447797 3 6.2e-3 0
6 13 0.0025 3 3 14033296 100000 0.007125909693631489 3 6.2e-3 0
6 14 0.0025 3 3 14060232 100001 0.007112329298691515 3 6.2e-3 0
6 15 0.0025 3 3 14075934 100000 0.007104324302742539 3 6.2e-3 0
7 0 0.0025 3 3 13316270 100001 0.007509685520044277 3 6.2e-3 0
7 1 0.0025 3 3 13438357 100000 0.007441385877752764 3 6.2e-3 0
7 2 0.0025 3 3 13321660 100000 0.007506572003789317 3 6.2e-3 0
7 3 0.0025 3 3 14135023 100000 0.007074625913236929 3 6.2e-3 0
7 4 0.0025 3 3 14144856 100002 0.007069849279483651 3 6.2e-3 0
7 5 0.0025 3 3 14171404 100000 0.007056463847901027 3 6.2e-3 0
7 6 0.0025 3 3 14181277 100000 0.007051551140281655 3 6.2e-3 0
7 7 0.0025 3 3 14132822 100000 0.007075727692600954 3 6.2e-3 0
7 8 0.0025 3 3 14152113 100000 0.007066082640804239 3 6.2e-3 0
7 9 0.0025 3 3 14209666 100000 0.007037463090265457 3 6.2e-3 0
7 10 0.0025 3 3 14180253 100001 0.007052130875238968 3 6.2e-3 0
7 11 0.0025 3 3 14169365 100000 0.007057479287180477 3 6.2e-3 0
7 12 0.0025 3 3 14113520 100000 0.007085404633287798 3 6.2e-3 0
7 13 0.0025 3 3 14116823 100000 0.007083746817538195 3 6.2e-3 0
7 14 0.0025 3 3 14120510 100000 0.007081897183600309 3 6.2e-3 0
7 15 0.0025 3 3 14177603 100000 0.007053378487181508 3 6.2e-3 0
8 0 0.0025 3 3 13102719 100000 0.007632003708543242 3 6.2e-3 0
8 1 0.0025 3 3 13105849 100000 0.007630180997812503 3 6.2e-3 0
8 2 0.0025 3 3 13066592 100000 0.007653104956518119 3 6.2e-3 0
8 3 0.0025 3 3 14183758 100000 0.007050317694365626 3 6.2e-3 0
8 4 0.0025 3 3 14282075 100000 0.007001783704398696 3 6.2e-3 0
8 5 0.0025 3 3 14196311 100000 0.007044083494648716 3 6.2e-3 0
8 6 0.0025 3 3 14193960 100001 0.007045320685700115 3 6.2e-3 0
8 7 0.0025 3 3 14317451 100000 0.006984483481033041 3 6.2e-3 0
8 8 0.0025 3 3 14268487 100000 0.007008451561822918 3 6.2e-3 0
8 9 0.0025 3 3 14335773 100000 0.0069755568813764 3 6.2e-3 0
8 10 0.0025 3 3 14262272 100000 0.007011505600229753 3 6.2e-3 0
8 11 0.0025 3 3 14273301 100001 0.007006157860749942 3 6.2e-3 0
8 12 0.0025 3 3 14251647 100000 0.00701673287304969 3 6.2e-3 0
8 13 0.0025 3 3 14255518 100000 0.007014827521525349 3 6.2e-3 0
8 14 0.0025 3 3 14297575 100000 0.006994193071202634 3 6.2e-3 0
8 15 0.0025 3 3 14247358 100000 0.007018845178172683 3 6.2e-3 0
10 0 0.0025 3 3 14595612 100000 0.006851374234941296 3 6.2e-3 0
10 1 0.0025 3 3 14708104 100000 0.006798972865571252 3 6.2e-3 0
10 2 0.0025 3 3 14674464 100000 0.006814558950841407 3 6.2e-3 0
10 3 0.0025 3 3 14760053 100000 0.006775043422947058 3 6.2e-3 0
10 4 0.0025 3 3 14803228 100000 0.006755283374680171 3 6.2e-3 0
10 5 0.0025 3 3 14788799 100001 0.006761941926453933 3 6.2e-3 0
10 6 0.0025 3 3 14797118 100000 0.006758072754437722 3 6.2e-3 0
10 7 0.0025 3 3 14781918 100000 0.006765021968055837 3 6.2e-3 0
10 8 0.0025 3 3 14775126 100000 0.006768131791228041 3 6.2e-3 0
10 9 0.0025 3 3 14905708 100000 0.006708839325176637 3 6.2e-3 0
10 10 0.0025 3 3 14811038 100000 0.006751721250056884 3 6.2e-3 0
10 11 0.0025 3 3 14800136 100000 0.006756694668211157 3 6.2e-3 0
10 12 0.0025 3 3 14837827 100000 0.006739531334338916 3 6.2e-3 0
10 13 0.0025 3 3 14841998 100000 0.006737637345052869 3 6.2e-3 0
10 14 0.0025 3 3 14792752 100000 0.006760067362719256 3 6.2e-3 0
10 15 0.0025 3 3 14847520 100000 0.006735131523648394 3 6.2e-3 0
12 0 0.0025 3 3 13639699 100000 0.007331540087504864 3 6.2e-3 0
12 1 0.0025 3 3 13645262 100000 0.007328551111733875 3 6.2e-3 0
12 2 0.0025 3 3 13581517 100000 0.007362947747295092 3 6.2e-3 0
12 3 0.0025 3 3 14346980 100001 0.006970177695933221 3 6.2e-3 0
12 4 0.0025 3 3 14223202 100000 0.007030765646160408 3 6.2e-3 0
12 5 0.0025 3 3 14244600 100000 0.00702020414753661 3 6.2e-3 0
12 6 0.0025 3 3 14192598 100000 0.007045926334276501 3 6.2e-3 0
12 7 0.0025 3 3 14209799 100001 0.007037467595424819 3 6.2e-3 0
12 8 0.0025 3 3 14338801 100000 0.006974083816352567 3 6.2e-3 0
12 9 0.0025 3 3 14245463 100001 0.007019849056503113 3 6.2e-3 0
12 10 0.0025 3 3 14298669 100000 0.00699365794116921 3 6.2e-3 0
12 11 0.0025 3 3 14288891 100000 0.006998443756061965 3 6.2e-3 0
12 12 0.0025 3 3 14292404 100000 0.006996723574284634 3 6.2e-3 0
12 13 0.0025 3 3 14212017 100000 0.007036298929279356 3 6.2e-3 0
12 14 0.0025 3 3 14232563 100000 0.007026141391399426 3 6.2e-3 0
12 15 0.0025 3 3 14266719 100000 0.0070093200826342765 3 6.2e-3 0
14 0 0.0025 3 3 13512187 100000 0.007400726470111759 3 6.2e-3 0
14 1 0.0025 3 3 13580045 100001 0.007363819486607004 3 6.2e-3 0
14 2 0.0025 3 3 13549815 100000 0.007380174563268945 3 6.2e-3 0
14 3 0.0025 3 3 14393670 100000 0.006947498448970971 3 6.2e-3 0
14 4 0.0025 3 3 14365894 100000 0.006960931216671931 3 6.2e-3 0
14 5 0.0025 3 3 14325534 100000 0.006980542575236637 3 6.2e-3 0
14 6 0.0025 3 3 14390050 100000 0.006949246180520568 3 6.2e-3 0
14 7 0.0025 3 3 14390256 100000 0.006949146700378367 3 6.2e-3 0
14 8 0.0025 3 3 14419738 100000 0.006934938762410246 3 6.2e-3 0
14 9 0.0025 3 3 14353808 100000 0.006966792366179066 3 6.2e-3 0
14 10 0.0025 3 3 14425226 100000 0.006932300402087288 3 6.2e-3 0
14 11 0.0025 3 3 14404380 100001 0.006942402241540421 3 6.2e-3 0
14 12 0.0025 3 3 14319450 100000 0.006983508444807587 3 6.2e-3 0
14 13 0.0025 3 3 14345119 100000 0.006971012230710669 3 6.2e-3 0
14 14 0.0025 3 3 14441373 100000 0.0069245493485972556 3 6.2e-3 0
14 15 0.0025 3 3 14375769 100000 0.006956149615370141 3 6.2e-3 0
16 0 0.0025 3 3 13738091 100001 0.007279104498579898 3 6.2e-3 0
16 1 0.0025 3 3 13738384 100001 0.007278949256331749 3 6.2e-3 0
16 2 0.0025 3 3 13796642 100000 0.007248140525788812 3 6.2e-3 0
16 3 0.0025 3 3 14429888 100001 0.006930130019027174 3 6.2e-3 0
16 4 0.0025 3 3 14388977 100000 0.006949764392562446 3 6.2e-3 0
16 5 0.0025 3 3 14424711 100000 0.0069325479033860715 3 6.2e-3 0
16 6 0.0025 3 3 14383441 100000 0.006952439266792974 3 6.2e-3 0
16 7 0.0025 3 3 14419701 100000 0.006934956557004892 3 6.2e-3 0
16 8 0.0025 3 3 14405606 100000 0.0069417419857241685 3 6.2e-3 0
16 9 0.0025 3 3 14433002 100000 0.006928565519494835 3 6.2e-3 0
16 10 0.0025 3 3 14429082 100000 0.00693044782751945 3 6.2e-3 0
16 11 0.0025 3 3 14436417 100000 0.0069269265358572005 3 6.2e-3 0
16 12 0.0025 3 3 14411458 100000 0.006938923181818245 3 6.2e-3 0
16 13 0.0025 3 3 14462433 100000 0.006914465913169659 3 6.2e-3 0
16 14 0.0025 3 3 14391219 100000 0.006948681692634933 3 6.2e-3 0
16 15 0.0025 3 3 14360972 100000 0.006963316967681574 3 6.2e-3 0
20 0 0.0025 3 3 14350720 100000 0.006968291486420194 3 6.2e-3 0
20 1 0.0025 3 3 14355523 100000 0.006965960069863007 3 6.2e-3 0
20 2 0.0025 3 3 14396669 100000 0.006946051201149377 3 6.2e-3 0
20 3 0.0025 3 3 14723591 100000 0.006791821370207852 3 6.2e-3 0
20 4 0.0025 3 3 14662467 100000 0.00682013470175244 3 6.2e-3 0
20 5 0.0025 3 3 14678545 100000 0.006812664334237487 3 6.2e-3 0
20 6 0.0025 3 3 14713836 100000 0.006796324221637376 3 6.2e-3 0
20 7 0.0025 3 3 14758743 100000 0.006775644782214854 3 6.2e-3 0
20 8 0.0025 3 3 14717709 100000 0.006794535752813159 3 6.2e-3 0
20 9 0.0025 3 3 14666119 100000 0.006818436424796499 3 6.2e-3 0
20 10 0.0025 3 3 14737316 100000 0.006785496083547371 3 6.2e-3 0
20 11 0.0025 3 3 14681176 100000 0.006811443442950347 3 6.2e-3 0
20 12 0.0025 3 3 14739445 100000 0.0067845159705809815 3 6.2e-3 0
20 13 0.0025 3 3 14742498 100000 0.0067831109761724235 3 6.2e-3 0
20 14 0.0025 3 3 14796752 100000 0.006758239916435715 3 6.2e-3 0
20 15 0.0025 3 3 14730049 100000 0.006788843675944323 3 6.2e-3 0
24 0 0.0025 3 3 14071033 100000 0.007106798768789754 3 6.2e-3 0
24 1 0.0025 3 3 14065865 100000 0.007109409908313495 3 6.2e-3 0
24 2 0.0025 3 3 14082876 100000 0.007100822303626049 3 6.2e-3 0
24 3 0.0025 3 3 14541186 100000 0.006877018146937946 3 6.2e-3 0
24 4 0.0025 3 3 14524604 100000 0.006884869288002619 3 6.2e-3 0
24 5 0.0025 3 3 14506724 100000 0.0068933551089825655 3 6.2e-3 0
24 6 0.0025 3 3 14532033 100000 0.006881349636351638 3 6.2e-3 0
24 7 0.0025 3 3 14574800 100000 0.006861157614512721 3 6.2e-3 0
24 8 0.0025 3 3 14525013 100000 0.006884675421633013 3 6.2e-3 0
24 9 0.0025 3 3 14636928 100000 0.0068320347001775234 3 6.2e-3 0
24 10 0.0025 3 3 14522571 100000 0.0068858330938784875 3 6.2e-3 0
24 11 0.0025 3 3 14540263 100000 0.00687745469253204 3 6.2e-3 0
24 12 0.0025 3 3 14523328 100000 0.0068854741833276785 3 6.2e-3 0
24 13 0.0025 3 3 14487703 100000 0.0069024054399789946 3 6.2e-3 0
24 14 0.0025 3 3 14620545 100000 0.00683969031250203 3 6.2e-3 0
24 15 0.0025 3 3 14456988 100002 0.006917208480770683 3 6.2e-3 0
28 0 0.0025 3 3 13437771 100000 0.00744171038485475 3 6.2e-3 0
28 1 0.0025 3 3 13537744 100001 0.0073868290019371025 3 6.2e-3 0
28 2 0.0025 3 3 13469760 100000 0.00742403725084931 3 6.2e-3 0
28 3 0.0025 3 3 14441173 100000 0.006924645248692748 3 6.2e-3 0
28 4 0.0025 3 3 14496275 100001 0.006898392862994114 3 6.2e-3 0
28 5 0.0025 3 3 14492348 100000 0.006900193122605115 3 6.2e-3 0
28 6 0.0025 3 3 14463862 100000 0.006913782778071306 3 6.2e-3 0
28 7 0.0025 3 3 14448261 100000 0.0069212481695894055 3 6.2e-3 0
28 8 0.0025 3 3 14394028 100000 0.006947325654778496 3 6.2e-3 0
28 9 0.0025 3 3 14589302 100000 0.006854337513885174 3 6.2e-3 0
28 10 0.0025 3 3 14514216 100000 0.006889796872252694 3 6.2e-3 0
28 11 0.0025 3 3 14444664 100000 0.006922971693907176 3 6.2e-3 0
28 12 0.0025 3 3 14601075 100001 0.006848879277724414 3 6.2e-3 0
28 13 0.0025 3 3 14547503 100000 0.006874031921491957 3 6.2e-3 0
28 14 0.0025 3 3 14457344 100000 0.006916899812303007 3 6.2e-3 0
28 15 0.0025 3 3 14467685 100000 0.0069119558519555825 3 6.2e-3 0
32 0 0.0025 3 3 13581374 100000 0.007363025272700685 3 6.2e-3 0
32 1 0.0025 3 3 13469043 100000 0.007424432455965877 3 6.2e-3 0
32 2 0.0025 3 3 13528812 100000 0.007391632022087379 3 6.2e-3 0
32 3 0.0025 3 3 14390337 100000 0.00694910758518025 3 6.2e-3 0
32 4 0.0025 3 3 14419512 100000 0.006935047455142726 3 6.2e-3 0
32 5 0.0025 3 3 14437150 100000 0.006926574843372826 3 6.2e-3 0
32 6 0.0025 3 3 14443527 100000 0.006923516672901293 3 6.2e-3 0
32 7 0.0025 3 3 14365433 100000 0.006961154599377547 3 6.2e-3 0
32 8 0.0025 3 3 14441217 100000 0.00692462415044383 3 6.2e-3 0
32 9 0.0025 3 3 14429824 100000 0.006930091455030913 3 6.2e-3 0
32 10 0.0025 3 3 14414831 100000 0.006937299507708415 3 6.2e-3 0
32 11 0.0025 3 3 14397200 100000 0.0069457950156974965 3 6.2e-3 0
32 12 0.0025 3 3 14364126 100001 0.006961857616676434 3 6.2e-3 0
32 13 0.0025 3 3 14403474 100000 0.0069427695013022555 3 6.2e-3 0
32 14 0.0025 3 3 14384030 100000 0.006952154576985727 3 6.2e-3 0
32 15 0.0025 3 3 14441814 100000 0.006924337898272336 3 6.2e-3 0
64 0 0.0025 3 3 14139443 100001 0.007072485104257643 3 6.2e-3 0
64 1 0.0025 3 3 14239425 100000 0.007022755483455266 3 6.2e-3 0
64 2 0.0025 3 3 14280998 100000 0.0070023117431989 3 6.2e-3 0
64 3 0.0025 3 3 14685493 100000 0.006809441126695576 3 6.2e-3 0
64 4 0.0025 3 3 14679052 100000 0.006812429031520564 3 6.2e-3 0
64 5 0.0025 3 3 14676034 100000 0.006813829948881285 3 6.2e-3 0
64 6 0.0025 3 3 14710361 100001 0.006797997683401515 3 6.2e-3 0
64 7 0.0025 3 3 14704144 100000 0.006800803909428526 3 6.2e-3 0
64 8 0.0025 3 3 14651713 100000 0.006825140514286623 3 6.2e-3 0
64 9 0.0025 3 3 14675109 100000 0.006814259437527857 3 6.2e-3 0
64 10 0.0025 3 3 14666931 100000 0.006818058938165047 3 6.2e-3 0
64 11 0.0025 3 3 14674338 100001 0.006814685609667707 3 6.2e-3 0
64 12 0.0025 3 3 14794167 100000 0.006759420790639987 3 6.2e-3 0
64 13 0.0025 3 3 14759931 100000 0.006775099422890256 3 6.2e-3 0
64 14 0.0025 3 3 14735631 100000 0.006786271996088936 3 6.2e-3 0
64 15 0.0025 3 3 14656225 100000 0.006823039356996771 3 6.2e-3 0
128 0 0.0025 3 3 14256813 100000 0.0070141903383315754 3 6.2e-3 0
128 1 0.0025 3 3 14260540 100000 0.007012357175815221 3 6.2e-3 0
128 2 0.0025 3 3 14313052 100000 0.006986630105165551 3 6.2e-3 0
128 3 0.0025 3 3 14707114 100000 0.006799430534093908 3 6.2e-3 0
128 4 0.0025 3 3 14726133 100000 0.006790648977569332 3 6.2e-3 0
128 5 0.0025 3 3 14699370 100000 0.0068030126461202075 3 6.2e-3 0
128 6 0.0025 3 3 14725189 100000 0.006791084311379637 3 6.2e-3 0
128 7 0.0025 3 3 14659138 100000 0.006821683512359322 3 6.2e-3 0
128 8 0.0025 3 3 14718086 100000 0.006794361712521587 3 6.2e-3 0
128 9 0.0025 3 3 14684456 100000 0.006809922001877359 3 6.2e-3 0
128 10 0.0025 3 3 14717513 100000 0.006794626238821736 3 6.2e-3 0
128 11 0.0025 3 3 14777199 100000 0.0067671823327276025 3 6.2e-3 0
128 12 0.0025 3 3 14678654 100000 0.0068126137451022415 3 6.2e-3 0
128 13 0.0025 3 3 14758980 100000 0.006775535978773601 3 6.2e-3 0
128 14 0.0025 3 3 14661736 100000 0.006820474737780028 3 6.2e-3 0
128 15 0.0025 3 3 14610829 100000 0.006844238612333359 3 6.2e-3 0
256 0 0.0025 3 3 14193953 100000 0.007045253707688055 3 6.2e-3 0
256 1 0.0025 3 3 14230919 100001 0.007027023342624605 3 6.2e-3 0
256 2 0.0025 3 3 14267753 100000 0.0070088121093769985 3 6.2e-3 0
256 3 0.0025 3 3 14788258 100000 0.006762121677887957 3 6.2e-3 0
256 4 0.0025 3 3 14723594 100000 0.006791819986343008 3 6.2e-3 0
256 5 0.0025 3 3 14769596 100000 0.006770665900407838 3 6.2e-3 0
256 6 0.0025 3 3 14669525 100000 0.006816853306429485 3 6.2e-3 0
256 7 0.0025 3 3 14710882 100000 0.006797688948901908 3 6.2e-3 0
256 8 0.0025 3 3 14652778 100000 0.0068246444462613165 3 6.2e-3 0
256 9 0.0025 3 3 14634351 100000 0.0068332377705031125 3 6.2e-3 0
256 10 0.0025 3 3 14787630 100000 0.006762408851181697 3 6.2e-3 0
256 11 0.0025 3 3 14703737 100000 0.0068009921559396775 3 6.2e-3 0
256 12 0.0025 3 3 14759362 100000 0.006775360615181063 3 6.2e-3 0
256 13 0.0025 3 3 14721117 100000 0.006792962789440502 3 6.2e-3 0
256 14 0.0025 3 3 14727911 100001 0.0067898970872379664 3 6.2e-3 0
256 15 0.0025 3 3 14691791 100000 0.006806522091146001 3 6.2e-3 0
512 0 0.0025 3 3 14331596 100000 0.006977589934854429 3 6.2e-3 0
512 1 0.0025 3 3 14268569 100000 0.007008411284971885 3 6.2e-3 0
512 2 0.0025 3 3 14254704 100000 0.007015228095932403 3 6.2e-3 0
512 3 0.0025 3 3 14737821 100000 0.006785263574581344 3 6.2e-3 0
512 4 0.0025 3 3 14610748 100000 0.00684427655586148 3 6.2e-3 0
512 5 0.0025 3 3 14719643 100000 0.006793643025173912 3 6.2e-3 0
512 6 0.0025 3 3 14770589 100000 0.006770210720777621 3 6.2e-3 0
512 7 0.0025 3 3 14629812 100000 0.006835357829615309 3 6.2e-3 0
512 8 0.0025 3 3 14780415 100000 0.006765709893802035 3 6.2e-3 0
512 9 0.0025 3 3 14792103 100000 0.006760363959066537 3 6.2e-3 0
512 10 0.0025 3 3 14715463 100000 0.00679557279305449 3 6.2e-3 0
512 11 0.0025 3 3 14719655 100000 0.006793637486748161 3 6.2e-3 0
512 12 0.0025 3 3 14670424 100000 0.006816435571323637 3 6.2e-3 0
512 13 0.0025 3 3 14665872 100000 0.006818551259686434 3 6.2e-3 0
512 14 0.0025 3 3 14704037 100000 0.006800853398287831 3 6.2e-3 0
512 15 0.0025 3 3 14694810 100000 0.006805123713746554 3 6.2e-3 0
1024 0 0.0025 3 3 14256469 100000 0.007014359586514725 3 6.2e-3 0
1024 1 0.0025 3 3 14227887 100000 0.007028450535205966 3 6.2e-3 0
1024 2 0.0025 3 3 14324646 100000 0.006980975306475287 3 6.2e-3 0
1024 3 0.0025 3 3 14681790 100000 0.006811158584886448 3 6.2e-3 0
1024 4 0.0025 3 3 14774840 100001 0.006768330486150781 3 6.2e-3 0
1024 5 0.0025 3 3 14695234 100000 0.006804927366246771 3 6.2e-3 0
1024 6 0.0025 3 3 14777529 100000 0.006767031213405164 3 6.2e-3 0
1024 7 0.0025 3 3 14689891 100000 0.006807402451114171 3 6.2e-3 0
1024 8 0.0025 3 3 14703926 100000 0.0068009047379591 3 6.2e-3 0
1024 9 0.0025 3 3 14771690 100000 0.006769706106748788 3 6.2e-3 0
1024 10 0.0025 3 3 14701762 100000 0.006801905785170512 3 6.2e-3 0
1024 11 0.0025 3 3 14675702 100001 0.006814052234094151 3 6.2e-3 0
1024 12 0.0025 3 3 14663926 100000 0.006819456126551648 3 6.2e-3 0
1024 13 0.0025 3 3 14722589 100000 0.0067922836126173185 3 6.2e-3 0
1024 14 0.0025 3 3 14719111 100000 0.006793888571123623 3 6.2e-3 0
1024 15 0.0025 3 3 14730272 100000 0.006788740900371697 3 6.2e-3 0
