# <max_half_weight> <max_tree_size> ...
1 0 0.0025 5 5 20599443 100000 0.0048545001920683 5 6.2e-3 0
1 1 0.0025 5 5 20639749 100000 0.0048450201598866345 5 6.2e-3 0
1 2 0.0025 5 5 20545579 100000 0.004867227153831975 5 6.2e-3 0
1 3 0.0025 5 5 20718545 100000 0.004826593759359067 5 6.2e-3 0
1 4 0.0025 5 5 20615804 100000 0.004850647590557225 5 6.2e-3 0
1 5 0.0025 5 5 21120007 100000 0.004734846915533693 5 6.2e-3 0
1 6 0.0025 5 5 21242072 100000 0.004707638689860387 5 6.2e-3 0
1 7 0.0025 5 5 21320213 100000 0.00469038465985307 5 6.2e-3 0
1 8 0.0025 5 5 21064026 100000 0.004747430524440105 5 6.2e-3 0
1 9 0.0025 5 5 21164667 100000 0.004724855817481088 5 6.2e-3 0
1 10 0.0025 5 5 21306072 100001 0.004693544638354737 5 6.2e-3 0
1 11 0.0025 5 5 21259483 100000 0.004703783248162714 5 6.2e-3 0
1 12 0.0025 5 5 21342938 100000 0.0046853905493236215 5 6.2e-3 0
1 13 0.0025 5 5 21255125 100000 0.004704747678501067 5 6.2e-3 0
1 14 0.0025 5 5 21300586 100000 0.004694706521219651 5 6.2e-3 0
1 15 0.0025 5 5 21313686 100000 0.004691821020540511 5 6.2e-3 0
2 0 0.0025 5 5 20553186 100000 0.004865425730103352 5 6.2e-3 0
2 1 0.0025 5 5 20535272 100000 0.004869670097381715 5 6.2e-3 0
2 2 0.0025 5 5 20599715 100001 0.004854484637287457 5 6.2e-3 0
2 3 0.0025 5 5 20754994 100000 0.004818117509453388 5 6.2e-3 0
2 4 0.0025 5 5 20716801 100000 0.004827000075928711 5 6.2e-3 0
2 5 0.0025 5 5 21326018 100000 0.004689107924414206 5 6.2e-3 0
2 6 0.0025 5 5 21226994 100000 0.004710982629005313 5 6.2e-3 0
2 7 0.0025 5 5 21265872 100000 0.0047023700697530766 5 6.2e-3 0
2 8 0.0025 5 5 21347252 100000 0.004684443693267874 5 6.2e-3 0
2 9 0.0025 5 5 21303166 100000 0.004694137951138343 5 6.2e-3 0
2 10 0.0025 5 5 21360451 100000 0.0046815490927602605 5 6.2e-3 0
2 11 0.0025 5 5 21263901 100000 0.004702805943274472 5 6.2e-3 0
2 12 0.0025 5 5 21291803 100000 0.004696643116602197 5 6.2e-3 0
2 13 0.0025 5 5 21305746 100000 0.004693569518757991 5 6.2e-3 0
2 14 0.0025 5 5 21280693 100000 0.004699095090559316 5 6.2e-3 0
2 15 0.0025 5 5 21253489 100000 0.004705109829261445 5 6.2e-3 0
3 0 0.0025 5 5 20604958 100000 0.004853200865539255 5 6.2e-3 0
3 1 0.0025 5 5 20507461 100000 0.004876274054598958 5 6.2e-3 0
3 2 0.0025 5 5 20491636 100000 0.0048800398367411955 5 6.2e-3 0
3 3 0.0025 5 5 20772341 100000 0.004814093895338999 5 6.2e-3 0
3 4 0.0025 5 5 20614095 100000 0.004851049730778868 5 6.2e-3 0
3 5 0.0025 5 5 21341224 100000 0.004685766851985622 5 6.2e-3 0
3 6 0.0025 5 5 21274781 100000 0.004700400911294927 5 6.2e-3 0
3 7 0.0025 5 5 21175199 100000 0.0047225057955771746 5 6.2e-3 0
3 8 0.0025 5 5 21237410 100001 0.0047087191893926805 5 6.2e-3 0
3 9 0.0025 5 5 21160516 100000 0.00472578267940158 5 6.2e-3 0
3 10 0.0025 5 5 21171954 100000 0.004723229608377196 5 6.2e-3 0
3 11 0.0025 5 5 21294891 100000 0.004695962050240126 5 6.2e-3 0
3 12 0.0025 5 5 21308214 100001 0.004693072821588895 5 6.2e-3 0
3 13 0.0025 5 5 21314794 100000 0.004691577127135266 5 6.2e-3 0
3 14 0.0025 5 5 21215127 100000 0.004713617787911428 5 6.2e-3 0
3 15 0.0025 5 5 21279474 100000 0.004699364279399012 5 6.2e-3 0
4 0 0.0025 5 5 25757605 100000 0.003882348533569018 5 6.2e-3 0
4 1 0.0025 5 5 25702088 100000 0.0038907344804048603 5 6.2e-3 0
4 2 0.0025 5 5 25665048 100000 0.0038963496191396175 5 6.2e-3 0
4 3 0.0025 5 5 27439388 100000 0.0036443961505263894 5 6.2e-3 0
4 4 0.0025 5 5 27208651 100000 0.0036753016531396576 5 6.2e-3 0
4 5 0.0025 5 5 28188466 100000 0.003547550263998048 5 6.2e-3 0
4 6 0.0025 5 5 28223048 100000 0.0035432034130402925 5 6.2e-3 0
4 7 0.0025 5 5 28267120 100000 0.003537679112693476 5 6.2e-3 0
4 8 0.0025 5 5 28336935 100000 0.0035289631712110007 5 6.2e-3 0
4 9 0.0025 5 5 28331521 100000 0.0035296375369328037 5 6.2e-3 0
4 10 0.0025 5 5 28200206 100000 0.0035460733868397983 5 6.2e-3 0
4 11 0.0025 5 5 28417493 100000 0.0035189592551320413 5 6.2e-3 0
4 12 0.0025 5 5 28334361 100000 0.003529283755508021 5 6.2e-3 0
4 13 0.0025 5 5 28206631 100000 0.003545265650477719 5 6.2e-3 0
4 14 0.0025 5 5 28293860 100000 0.0035343357180674536 5 6.2e-3 0
4 15 0.0025 5 5 28208055 100000 0.003545086678255555 5 6.2e-3 0
5 0 0.0025 5 5 29275137 100000 0.0034158678745038838 5 6.2e-3 0
5 1 0.0025 5 5 29108416 100000 0.0034354325566873854 5 6.2e-3 0
5 2 0.0025 5 5 29047146 100000 0.003442679015694003 5 6.2e-3 0
5 3 0.0025 5 5 30585150 100000 0.003269560554713644 5 6.2e-3 0
5 4 0.0025 5 5 30489470 100000 0.003279820869303402 5 6.2e-3 0
5 5 0.0025 5 5 31191379 100000 0.0032060140720293257 5 6.2e-3 0
5 6 0.0025 5 5 31115642 100000 0.0032138176676541016 5 6.2e-3 0
5 7 0.0025 5 5 31193932 100000 0.0032057516827311157 5 6.2e-3 0
5 8 0.0025 5 5 31500575 100000 0.003174545226555388 5 6.2e-3 0
5 9 0.0025 5 5 31205734 100000 0.003204539268328058 5 6.2e-3 0
5 10 0.0025 5 5 31186593 100000 0.0032065060777879775 5 6.2e-3 0
5 11 0.0025 5 5 31190605 100000 0.0032060936297965367 5 6.2e-3 0
5 12 0.0025 5 5 31364681 100000 0.0031882996036210285 5 6.2e-3 0
5 13 0.0025 5 5 31214345 100000 0.0032036552424854663 5 6.2e-3 0
5 14 0.0025 5 5 31230017 100000 0.0032020475685299817 5 6.2e-3 0
5 15 0.0025 5 5 31135521 100000 0.0032117657514065686 5 6.2e-3 0
6 0 0.0025 5 5 27413839 100000 0.0036477926349534626 5 6.2e-3 0
6 1 0.0025 5 5 27503360 100000 0.003635919393121422 5 6.2e-3 0
6 2 0.0025 5 5 27581778 100000 0.00362558207813869 5 6.2e-3 0
6 3 0.0025 5 5 29293026 100000 0.0034137818332595615 5 6.2e-3 0
6 4 0.0025 5 5 29270474 100000 0.0034164120471708113 5 6.2e-3 0
6 5 0.0025 5 5 29874397 100000 0.0033473478979341408 5 6.2e-3 0
6 6 0.0025 5 5 29854497 100000 0.003349579127057475 5 6.2e-3 0
6 7 0.0025 5 5 29704560 100000 0.003366486492309598 5 6.2e-3 0
6 8 0.0025 5 5 29794796 100000 0.0033562908099790314 5 6.2e-3 0
6 9 0.0025 5 5 29880426 100000 0.0033466725005861695 5 6.2e-3 0
6 10 0.0025 5 5 29842605 100000 0.0033509139031260844 5 6.2e-3 0
6 11 0.0025 5 5 29790963 100000 0.0033567226410237227 5 6.2e-3 0
6 12 0.0025 5 5 29925741 100000 0.0033416048077138673 5 6.2e-3 0
6 13 0.0025 5 5 29889391 100000 0.003345668702316484 5 6.2e-3 0
6 14 0.0025 5 5 29690916 100001 0.0033680671893046347 5 6.2e-3 0
6 15 0.0025 5 5 30020824 100000 0.0033310211605117835 5 6.2e-3 0
7 0 0.0025 5 5 28888177 100000 0.0034616237639363673 5 6.2e-3 0
7 1 0.0025 5 5 29037962 100000 0.0034437678512011277 5 6.2e-3 0
7 2 0.0025 5 5 29015888 100000 0.0034463877169638923 5 6.2e-3 0
7 3 0.0025 5 5 30421788 100000 0.003287117772301878 5 6.2e-3 0
7 4 0.0025 5 5 30330054 100001 0.0032970927120670474 5 6.2e-3 0
7 5 0.0025 5 5 30514138 100000 0.0032771694222527275 5 6.2e-3 0
7 6 0.0025 5 5 30376074 100000 0.0032920646690549936 5 6.2e-3 0
7 7 0.0025 5 5 30749100 100000 0.003252127704550702 5 6.2e-3 0
7 8 0.0025 5 5 30462298 100000 0.003282746429701397 5 6.2e-3 0
7 9 0.0025 5 5 30459725 100000 0.00328302373051628 5 6.2e-3 0
7 10 0.0025 5 5 30489749 100000 0.0032797908569204685 5 6.2e-3 0
7 11 0.0025 5 5 30631028 100000 0.0032646635300650046 5 6.2e-3 0
7 12 0.0025 5 5 30547210 100000 0.0032736213880089214 5 6.2e-3 0
7 13 0.0025 5 5 30590193 100001 0.0032690542357807287 5 6.2e-3 0
7 14 0.0025 5 5 30451856 100000 0.0032838720897668764 5 6.2e-3 0
7 15 0.0025 5 5 30430675 100000 0.0032861577996544603 5 6.2e-3 0
8 0 0.0025 5 5 28854521 100000 0.0034656614122965342 5 6.2e-3 0
8 1 0.0025 5 5 29105008 100000 0.0034358348226532012 5 6.2e-3 0
8 2 0.0025 5 5 28902733 100000 0.0034598804203048897 5 6.2e-3 0
8 3 0.0025 5 5 30443601 100001 0.003284795382780112 5 6.2e-3 0
8 4 0.0025 5 5 30566094 100000 0.0032715989161061928 5 6.2e-3 0
8 5 0.0025 5 5 31044643 100000 0.00322116765845882 5 6.2e-3 0
8 6 0.0025 5 5 30983805 100000 0.003227492556191856 5 6.2e-3 0
8 7 0.0025 5 5 31092541 100000 0.0032162054558358545 5 6.2e-3 0
8 8 0.0025 5 5 30975895 100000 0.0032283167282172154 5 6.2e-3 0
8 9 0.0025 5 5 31002197 100001 0.003225610107567538 5 6.2e-3 0
8 10 0.0025 5 5 31141435 100000 0.003211155812183992 5 6.2e-3 0
8 11 0.0025 5 5 31010357 100000 0.003224729080029617 5 6.2e-3 0
8 12 0.0025 5 5 30981863 100000 0.0032276948613451685 5 6.2e-3 0
8 13 0.0025 5 5 31067943 100000 0.003218751881963991 5 6.2e-3 0
8 14 0.0025 5 5 30913326 100000 0.0032348508859900743 5 6.2e-3 0
8 15 0.0025 5 5 30871171 100000 0.0032392681184656067 5 6.2e-3 0
10 0 0.0025 5 5 31187860 100000 0.0032063758141789786 5 6.2e-3 0
10 1 0.0025 5 5 30945656 100000 0.003231471325086791 5 6.2e-3 0
10 2 0.0025 5 5 31115569 100000 0.0032138252075673114 5 6.2e-3 0
10 3 0.0025 5 5 32916148 100000 0.003038022553550312 5 6.2e-3 0
10 4 0.0025 5 5 32909486 100000 0.003038637552710486 5 6.2e-3 0
10 5 0.0025 5 5 32984771 100000 0.0030317021148941734 5 6.2e-3 0
10 6 0.0025 5 5 33090124 100000 0.0030220497209378847 5 6.2e-3 0
10 7 0.0025 5 5 32940418 100000 0.003035784184645137 5 6.2e-3 0
10 8 0.0025 5 5 33059220 100000 0.003024874755060767 5 6.2e-3 0
10 9 0.0025 5 5 33072569 100000 0.0030236538322741123 5 6.2e-3 0
10 10 0.0025 5 5 32922491 100000 0.0030374372340173164 5 6.2e-3 0
10 11 0.0025 5 5 33024164 100000 0.0030280857374618175 5 6.2e-3 0
10 12 0.0025 5 5 33072733 100000 0.0030236388386771663 5 6.2e-3 0
10 13 0.0025 5 5 33021042 100000 0.003028372030173972 5 6.2e-3 0
10 14 0.0025 5 5 32865086 100001 0.003042773111867104 5 6.2e-3 0
10 15 0.0025 5 5 32966191 100000 0.0030334108056341725 5 6.2e-3 0
12 0 0.0025 5 5 29970017 100000 0.0033366681106654027 5 6.2e-3 0
12 1 0.0025 5 5 30029268 100000 0.0033300845028923116 5 6.2e-3 0
12 2 0.0025 5 5 29698598 100001 0.003367195986827392 5 6.2e-3 0
12 3 0.0025 5 5 31497703 100000 0.003174834685564214 5 6.2e-3 0
12 4 0.0025 5 5 31494199 100000 0.0031751879131772806 5 6.2e-3 0
12 5 0.0025 5 5 31687661 100000 0.00315580250621843 5 6.2e-3 0
12 6 0.0025 5 5 31941456 100000 0.0031307276662654324 5 6.2e-3 0
12 7 0.0025 5 5 32027735 100000 0.0031222938493777348 5 6.2e-3 0
12 8 0.0025 5 5 32126305 100000 0.0031127140204888176 5 6.2e-3 0
12 9 0.0025 5 5 31741588 100000 0.003150440992429238 5 6.2e-3 0
12 10 0.0025 5 5 31833835 100000 0.003141311752102755 5 6.2e-3 0
12 11 0.0025 5 5 31950963 100000 0.003129796119134187 5 6.2e-3 0
12 12 0.0025 5 5 32015751 100000 0.003123462573156569 5 6.2e-3 0
12 13 0.0025 5 5 31841705 100000 0.003140535345076528 5 6.2e-3 0
12 14 0.0025 5 5 32070420 100001 0.003118169328621203 5 6.2e-3 0
12 15 0.0025 5 5 31912756 100000 0.0031335432138797415 5 6.2e-3 0
14 0 0.0025 5 5 30559742 100000 0.0032722789348156147 5 6.2e-3 0
14 1 0.0025 5 5 30447070 100000 0.0032843882843242387 5 6.2e-3 0
14 2 0.0025 5 5 30580619 100000 0.0032700449915680253 5 6.2e-3 0
14 3 0.0025 5 5 32212422 100000 0.00310439246077181 5 6.2e-3 0
14 4 0.0025 5 5 32148864 100000 0.003110529815299228 5 6.2e-3 0
14 5 0.0025 5 5 32439238 100000 0.003082686467542795 5 6.2e-3 0
14 6 0.0025 5 5 32580393 100000 0.0030693306860970033 5 6.2e-3 0
14 7 0.0025 5 5 32624184 100000 0.003065210765118294 5 6.2e-3 0
14 8 0.0025 5 5 32652555 100000 0.0030625474790563862 5 6.2e-3 0
14 9 0.0025 5 5 32528691 100000 0.0030742091650721513 5 6.2e-3 0
14 10 0.0025 5 5 32591004 100000 0.0030683313714422542 5 6.2e-3 0
14 11 0.0025 5 5 32566310 100000 0.0030706579898060297 5 6.2e-3 0
14 12 0.0025 5 5 32726239 100000 0.00305565207172141 5 6.2e-3 0
14 13 0.0025 5 5 32394588 100000 0.0030869353856267595 5 6.2e-3 0
14 14 0.0025 5 5 32539761 100000 0.0030731633216359517 5 6.2e-3 0
14 15 0.0025 5 5 32611517 100000 0.003066401357532678 5 6.2e-3 0
16 0 0.0025 5 5 29762340 100000 0.003359950864078564 5 6.2e-3 0
16 1 0.0025 5 5 29986675 100000 0.0033348145467945347 5 6.2e-3 0
16 2 0.0025 5 5 29936524 100000 0.003340401176836696 5 6.2e-3 0
16 3 0.0025 5 5 31708482 100000 0.0031537302857954537 5 6.2e-3 0
16 4 0.0025 5 5 31798371 100000 0.00314481518565841 5 6.2e-3 0
16 5 0.0025 5 5 32122236 100000 0.0031131083153738115 5 6.2e-3 0
16 6 0.0025 5 5 32175000 100000 0.003108003108003108 5 6.2e-3 0
16 7 0.0025 5 5 32315821 100000 0.003094459521854636 5 6.2e-3 0
16 8 0.0025 5 5 31995119 100000 0.003125476732872911 5 6.2e-3 0
16 9 0.0025 5 5 32146801 100000 0.0031107294315225954 5 6.2e-3 0
16 10 0.0025 5 5 32319932 100000 0.0030940659157327435 5 6.2e-3 0
16 11 0.0025 5 5 32323238 100000 0.0030937494566602515 5 6.2e-3 0
16 12 0.0025 5 5 32163978 100000 0.0031090681631482276 5 6.2e-3 0
16 13 0.0025 5 5 32290876 100000 0.003096850020420629 5 6.2e-3 0
16 14 0.0025 5 5 32075990 100000 0.003117596682128907 5 6.2e-3 0
16 15 0.0025 5 5 32339167 100000 0.003092225597523894 5 6.2e-3 0
20 0 0.0025 5 5 31008527 100000 0.003224919390721139 5 6.2e-3 0
20 1 0.0025 5 5 30936284 100000 0.003232450283944898 5 6.2e-3 0
20 2 0.0025 5 5 31061210 100000 0.0032194495964580905 5 6.2e-3 0
20 3 0.0025 5 5 32737606 100000 0.003054591102354888 5 6.2e-3 0
20 4 0.0025 5 5 32648092 100000 0.003062966129843055 5 6.2e-3 0
20 5 0.0025 5 5 33063736 100000 0.003024461603492116 5 6.2e-3 0
20 6 0.0025 5 5 33069636 100000 0.003023922005068335 5 6.2e-3 0
20 7 0.0025 5 5 32929711 100000 0.0030367712610657287 5 6.2e-3 0
20 8 0.0025 5 5 33108138 100000 0.0030204054362706835 5 6.2e-3 0
20 9 0.0025 5 5 32931083 100000 0.0030366447407757587 5 6.2e-3 0
20 10 0.0025 5 5 32730849 100000 0.0030552216962047027 5 6.2e-3 0
20 11 0.0025 5 5 33078058 100000 0.0030231520846840526 5 6.2e-3 0
20 12 0.0025 5 5 33028122 100000 0.0030277228599313033 5 6.2e-3 0
20 13 0.0025 5 5 33014258 100000 0.0030289943211808668 5 6.2e-3 0
20 14 0.0025 5 5 33132857 100000 0.00301815204164253 5 6.2e-3 0
20 15 0.0025 5 5 33086854 100000 0.003022348392506583 5 6.2e-3 0
24 0 0.0025 5 5 30541091 100000 0.0032742772679600738 5 6.2e-3 0
24 1 0.0025 5 5 30504134 100000 0.0032782441881483997 5 6.2e-3 0
24 2 0.0025 5 5 30524715 100000 0.0032760338630516287 5 6.2e-3 0
24 3 0.0025 5 5 32083855 100000 0.0031168324379972417 5 6.2e-3 0
24 4 0.0025 5 5 32075236 100000 0.003117669968196025 5 6.2e-3 0
24 5 0.0025 5 5 32459494 100000 0.0030807627500293133 5 6.2e-3 0
24 6 0.0025 5 5 32374866 100000 0.0030888158734000627 5 6.2e-3 0
24 7 0.0025 5 5 32471916 100000 0.003079584216712066 5 6.2e-3 0
24 8 0.0025 5 5 32443344 100000 0.0030822963255575627 5 6.2e-3 0
24 9 0.0025 5 5 32486758 100000 0.003078177268411948 5 6.2e-3 0
24 10 0.0025 5 5 32598457 100000 0.0030676298574500013 5 6.2e-3 0
24 11 0.0025 5 5 32455159 100000 0.0030811742441317264 5 6.2e-3 0
24 12 0.0025 5 5 32260074 100000 0.003099806900628932 5 6.2e-3 0
24 13 0.0025 5 5 32475337 100000 0.0030792598087588745 5 6.2e-3 0
24 14 0.0025 5 5 32377539 100000 0.003088560869311284 5 6.2e-3 0
24 15 0.0025 5 5 32374613 100000 0.0030888400117709516 5 6.2e-3 0
28 0 0.0025 5 5 30456139 100000 0.0032834102838839815 5 6.2e-3 0
28 1 0.0025 5 5 30309313 100000 0.003299315956122133 5 6.2e-3 0
28 2 0.0025 5 5 30247178 100000 0.0033060935469748616 5 6.2e-3 0
28 3 0.0025 5 5 32092964 100000 0.0031159477821992385 5 6.2e-3 0
28 4 0.0025 5 5 32248047 100000 0.003100962982347427 5 6.2e-3 0
28 5 0.0025 5 5 32653321 100000 0.0030624756360922677 5 6.2e-3 0
28 6 0.0025 5 5 32572404 100000 0.003070083497674903 5 6.2e-3 0
28 7 0.0025 5 5 32612179 100000 0.003066339112145803 5 6.2e-3 0
28 8 0.0025 5 5 32725561 100000 0.003055715377957921 5 6.2e-3 0
28 9 0.0025 5 5 32771939 100000 0.00305139100863089 5 6.2e-3 0
28 10 0.0025 5 5 32566315 100000 0.0030706575183590775 5 6.2e-3 0
28 11 0.0025 5 5 32438331 100000 0.003082772661762407 5 6.2e-3 0
28 12 0.0025 5 5 32668900 100000 0.0030610152163066404 5 6.2e-3 0
28 13 0.0025 5 5 32618114 100001 0.003065811836944343 5 6.2e-3 0
28 14 0.0025 5 5 32559142 100000 0.003071334005054556 5 6.2e-3 0
28 15 0.0025 5 5 32726425 100000 0.003055634704982289 5 6.2e-3 0
32 0 0.0025 5 5 30338150 100000 0.003296179892313803 5 6.2e-3 0
32 1 0.0025 5 5 30331190 100000 0.0032969362560453445 5 6.2e-3 0
32 2 0.0025 5 5 30471356 100000 0.0032817705913711225 5 6.2e-3 0
32 3 0.0025 5 5 32244952 100000 0.003101260625229028 5 6.2e-3 0
32 4 0.0025 5 5 32129334 100000 0.0031124205686927716 5 6.2e-3 0
32 5 0.0025 5 5 32798788 100000 0.0030488931481248635 5 6.2e-3 0
32 6 0.0025 5 5 32707742 100000 0.0030573801150810104 5 6.2e-3 0
32 7 0.0025 5 5 32575057 100000 0.0030698334618416783 5 6.2e-3 0
32 8 0.0025 5 5 32490920 100000 0.0030777829621321897 5 6.2e-3 0
32 9 0.0025 5 5 32560700 100000 0.0030711870445045714 5 6.2e-3 0
32 10 0.0025 5 5 32584174 100000 0.0030689745273272846 5 6.2e-3 0
32 11 0.0025 5 5 32713885 100000 0.003056806001488359 5 6.2e-3 0
32 12 0.0025 5 5 32681279 100000 0.003059855766354799 5 6.2e-3 0
32 13 0.0025 5 5 32614337 100000 0.00306613622101225 5 6.2e-3 0
32 14 0.0025 5 5 32518874 100000 0.0030751372264611622 5 6.2e-3 0
32 15 0.0025 5 5 32644509 100001 0.0030633329482762325 5 6.2e-3 0
64 0 0.0025 5 5 30661456 100000 0.0032614237236483485 5 6.2e-3 0
64 1 0.0025 5 5 30588289 100000 0.0032692250292260545 5 6.2e-3 0
64 2 0.0025 5 5 30723482 100000 0.003254839409152908 5 6.2e-3 0
64 3 0.0025 5 5 32451703 100000 0.0030815023790893192 5 6.2e-3 0
64 4 0.0025 5 5 32355550 100000 0.0030906598713358294 5 6.2e-3 0
64 5 0.0025 5 5 32887641 100000 0.003040655910832887 5 6.2e-3 0
64 6 0.0025 5 5 32828848 100000 0.003046101404472067 5 6.2e-3 0
64 7 0.0025 5 5 32933122 100000 0.0030364567319187048 5 6.2e-3 0
64 8 0.0025 5 5 32885950 100000 0.0030408122617713645 5 6.2e-3 0
64 9 0.0025 5 5 32691195 100000 0.003058927640913708 5 6.2e-3 0
64 10 0.0025 5 5 32996590 100000 0.0030306161939764077 5 6.2e-3 0
64 11 0.0025 5 5 32751909 100000 0.0030532571399120583 5 6.2e-3 0
64 12 0.0025 5 5 32886156 100000 0.0030407932140199055 5 6.2e-3 0
64 13 0.0025 5 5 32850276 100000 0.0030441144543199576 5 6.2e-3 0
64 14 0.0025 5 5 33012885 100000 0.0030291202965145275 5 6.2e-3 0
64 15 0.0025 5 5 32887349 100001 0.0030407133150197056 5 6.2e-3 0
128 0 0.0025 5 5 30628169 100000 0.0032649682715280826 5 6.2e-3 0
128 1 0.0025 5 5 30816833 100000 0.0032449797810177317 5 6.2e-3 0
128 2 0.0025 5 5 30701740 100000 0.003257144383347654 5 6.2e-3 0
128 3 0.0025 5 5 32294836 100000 0.003096470283979767 5 6.2e-3 0
128 4 0.0025 5 5 32404016 100000 0.003086037236865949 5 6.2e-3 0
128 5 0.0025 5 5 32822784 100000 0.003046664170839378 5 6.2e-3 0
128 6 0.0025 5 5 32862222 100000 0.0030430078647755467 5 6.2e-3 0
128 7 0.0025 5 5 32786019 100000 0.003050080584654087 5 6.2e-3 0
128 8 0.0025 5 5 32904177 100000 0.0030391278286644274 5 6.2e-3 0
128 9 0.0025 5 5 32910947 100000 0.003038502659920421 5 6.2e-3 0
128 10 0.0025 5 5 32775584 100000 0.0030510516608948904 5 6.2e-3 0
128 11 0.0025 5 5 32826105 100000 0.003046355941406999 5 6.2e-3 0
128 12 0.0025 5 5 32946880 100000 0.003035188764459639 5 6.2e-3 0
128 13 0.0025 5 5 32956604 100000 0.0030342932178327596 5 6.2e-3 0
128 14 0.0025 5 5 32773264 100000 0.0030512676430397654 5 6.2e-3 0
128 15 0.0025 5 5 33007266 100000 0.0030296359595490276 5 6.2e-3 0
256 0 0.0025 5 5 30767644 100000 0.003250167611143707 5 6.2e-3 0
256 1 0.0025 5 5 30436544 100000 0.0032855241383515817 5 6.2e-3 0
256 2 0.0025 5 5 30813094 100000 0.003245373541521017 5 6.2e-3 0
256 3 0.0025 5 5 32314081 100000 0.003094626147653712 5 6.2e-3 0
256 4 0.0025 5 5 32537331 100000 0.003073392836062675 5 6.2e-3 0
256 5 0.0025 5 5 32846204 100000 0.0030444918383871694 5 6.2e-3 0
256 6 0.0025 5 5 32704238 100000 0.0030577076891380255 5 6.2e-3 0
256 7 0.0025 5 5 32726537 100000 0.0030556242476862125 5 6.2e-3 0
256 8 0.0025 5 5 32896234 100000 0.0030398616449530363 5 6.2e-3 0
256 9 0.0025 5 5 32751293 100001 0.003053345099993457 5 6.2e-3 0
256 10 0.0025 5 5 32962647 100000 0.0030337369447301973 5 6.2e-3 0
256 11 0.0025 5 5 32785180 100000 0.0030501586387508012 5 6.2e-3 0
256 12 0.0025 5 5 32774687 100000 0.0030511351641588523 5 6.2e-3 0
256 13 0.0025 5 5 32903050 100000 0.0030392319253078363 5 6.2e-3 0
256 14 0.0025 5 5 32936330 100000 0.0030361609808986006 5 6.2e-3 0
256 15 0.0025 5 5 32933119 100000 0.0030364570085208145 5 6.2e-3 0
512 0 0.0025 5 5 30766613 100000 0.0032502765254010897 5 6.2e-3 0
512 1 0.0025 5 5 30747135 100000 0.003252335542807484 5 6.2e-3 0
512 2 0.0025 5 5 30877453 100000 0.0032386090912356015 5 6.2e-3 0
512 3 0.0025 5 5 32526654 100000 0.003074401689150074 5 6.2e-3 0
512 4 0.0025 5 5 32416809 100000 0.0030848193602275907 5 6.2e-3 0
512 5 0.0025 5 5 32883623 100000 0.00304102744396504 5 6.2e-3 0
512 6 0.0025 5 5 32806253 100001 0.003048229860325713 5 6.2e-3 0
512 7 0.0025 5 5 32673091 100000 0.0030606225777659053 5 6.2e-3 0
512 8 0.0025 5 5 32809206 100000 0.0030479250244580744 5 6.2e-3 0
512 9 0.0025 5 5 32941185 100000 0.003035713499681326 5 6.2e-3 0
512 10 0.0025 5 5 33082410 100000 0.0030227543882081144 5 6.2e-3 0
512 11 0.0025 5 5 32783601 100000 0.0030503055475815484 5 6.2e-3 0
512 12 0.0025 5 5 33004607 100001 0.003029910339486848 5 6.2e-3 0
512 13 0.0025 5 5 32790806 100000 0.0030496353154600715 5 6.2e-3 0
512 14 0.0025 5 5 32890871 100000 0.0030403573076553674 5 6.2e-3 0
512 15 0.0025 5 5 32825337 100000 0.0030464272156596594 5 6.2e-3 0
1024 0 0.0025 5 5 30702817 100000 0.0032570301285383685 5 6.2e-3 0
1024 1 0.0025 5 5 30827042 100000 0.0032439051401688167 5 6.2e-3 0
1024 2 0.0025 5 5 30623004 100000 0.003265518954312908 5 6.2e-3 0
1024 3 0.0025 5 5 32459792 100000 0.003080734466813589 5 6.2e-3 0
1024 4 0.0025 5 5 32542401 100000 0.0030729140114769036 5 6.2e-3 0
1024 5 0.0025 5 5 32863125 100000 0.0030429242502044464 5 6.2e-3 0
1024 6 0.0025 5 5 32774114 100000 0.003051188508101241 5 6.2e-3 0
1024 7 0.0025 5 5 32919245 100000 0.0030377367403171002 5 6.2e-3 0
1024 8 0.0025 5 5 33018707 100000 0.0030285861890352035 5 6.2e-3 0
1024 9 0.0025 5 5 32809771 100000 0.0030478725377266424 5 6.2e-3 0
1024 10 0.0025 5 5 32987764 100000 0.003031427046707379 5 6.2e-3 0
1024 11 0.0025 5 5 32850698 100000 0.0030440753496318402 5 6.2e-3 0
1024 12 0.0025 5 5 32997334 100000 0.0030305478618363533 5 6.2e-3 0
1024 13 0.0025 5 5 32843432 100000 0.003044748794827532 5 6.2e-3 0
1024 14 0.0025 5 5 32931429 100000 0.003036612835719944 5 6.2e-3 0
1024 15 0.0025 5 5 32970252 100000 0.0030330371754513736 5 6.2e-3 0
