# <max_half_weight> <max_tree_size> ...
1 0 0.0025 7 7 47288098 100000 0.0021146970216480267 7 6.2e-3 0
1 1 0.0025 7 7 47339614 100000 0.002112395762246815 7 6.2e-3 0
1 2 0.0025 7 7 47073816 100000 0.002124323211867931 7 6.2e-3 0
1 3 0.0025 7 7 50244215 100000 0.0019902788808622046 7 6.2e-3 0
1 4 0.0025 7 7 49989480 100000 0.002000420888554952 7 6.2e-3 0
1 5 0.0025 7 7 51230582 100000 0.0019519590856883103 7 6.2e-3 0
1 6 0.0025 7 7 51266525 100000 0.0019505905656761406 7 6.2e-3 0
1 7 0.0025 7 7 51429568 100000 0.0019444067661622201 7 6.2e-3 0
1 8 0.0025 7 7 51746486 100000 0.001932498372932995 7 6.2e-3 0
1 9 0.0025 7 7 51789659 100000 0.0019308873997413267 7 6.2e-3 0
1 10 0.0025 7 7 51749788 100000 0.001932375065961623 7 6.2e-3 0
1 11 0.0025 7 7 51411829 100000 0.0019450776590733622 7 6.2e-3 0
1 12 0.0025 7 7 51749955 100000 0.0019323688300791758 7 6.2e-3 0
1 13 0.0025 7 7 51770460 100000 0.0019316034665328452 7 6.2e-3 0
1 14 0.0025 7 7 51883914 100000 0.001927379649885319 7 6.2e-3 0
1 15 0.0025 7 7 51492160 100000 0.0019420432158992749 7 6.2e-3 0
2 0 0.0025 7 7 47395185 100000 0.0021099189717267695 7 6.2e-3 0
2 1 0.0025 7 7 47245489 100000 0.002116604190508008 7 6.2e-3 0
2 2 0.0025 7 7 47171968 100000 0.0021199030746395825 7 6.2e-3 0
2 3 0.0025 7 7 50235443 100000 0.0019906264188811872 7 6.2e-3 0
2 4 0.0025 7 7 50198934 100000 0.0019920741743241002 7 6.2e-3 0
2 5 0.0025 7 7 51194664 100000 0.0019533285734622654 7 6.2e-3 0
2 6 0.0025 7 7 51227514 100000 0.0019520759879154003 7 6.2e-3 0
2 7 0.0025 7 7 51558249 100000 0.0019395538432657013 7 6.2e-3 0
2 8 0.0025 7 7 51496990 100000 0.0019418610679964013 7 6.2e-3 0
2 9 0.0025 7 7 51581618 100000 0.0019386751303536078 7 6.2e-3 0
2 10 0.0025 7 7 51436826 100000 0.0019441324003934457 7 6.2e-3 0
2 11 0.0025 7 7 51511329 100000 0.0019413205199966788 7 6.2e-3 0
2 12 0.0025 7 7 51535752 100000 0.0019404005203998965 7 6.2e-3 0
2 13 0.0025 7 7 51743977 100000 0.0019325920773349138 7 6.2e-3 0
2 14 0.0025 7 7 51756307 100000 0.0019321316723776292 7 6.2e-3 0
2 15 0.0025 7 7 51563027 100000 0.0019393741178150771 7 6.2e-3 0
3 0 0.0025 7 7 47376790 100000 0.0021107381905781293 7 6.2e-3 0
3 1 0.0025 7 7 47265480 100000 0.002115708969844377 7 6.2e-3 0
3 2 0.0025 7 7 47511646 100000 0.0021047471182118168 7 6.2e-3 0
3 3 0.0025 7 7 50194318 100000 0.00199225737064502 7 6.2e-3 0
3 4 0.0025 7 7 49852990 100000 0.002005897740536726 7 6.2e-3 0
3 5 0.0025 7 7 51054362 100000 0.0019586964968830675 7 6.2e-3 0
3 6 0.0025 7 7 51038978 100000 0.001959286880705174 7 6.2e-3 0
3 7 0.0025 7 7 51706651 100000 0.0019339871770074608 7 6.2e-3 0
3 8 0.0025 7 7 51717608 100000 0.0019335774384615777 7 6.2e-3 0
3 9 0.0025 7 7 51447449 100000 0.001943730970995277 7 6.2e-3 0
3 10 0.0025 7 7 51872380 100000 0.0019278082093013662 7 6.2e-3 0
3 11 0.0025 7 7 51674361 100000 0.0019351956766335244 7 6.2e-3 0
3 12 0.0025 7 7 51800619 100000 0.0019304788616522131 7 6.2e-3 0
3 13 0.0025 7 7 51969524 100000 0.0019242046550205078 7 6.2e-3 0
3 14 0.0025 7 7 51628074 100000 0.0019369306707044697 7 6.2e-3 0
3 15 0.0025 7 7 51212235 100000 0.0019526583832945388 7 6.2e-3 0
4 0 0.0025 7 7 65425581 100000 0.0015284541378394485 7 6.2e-3 0
4 1 0.0025 7 7 65250902 100000 0.0015325458642701981 7 6.2e-3 0
4 2 0.0025 7 7 65228598 100001 0.0015330852274335254 7 6.2e-3 0
4 3 0.0025 7 7 69301177 100000 0.0014429769352979388 7 6.2e-3 0
4 4 0.0025 7 7 70093619 100000 0.0014266633885746433 7 6.2e-3 0
4 5 0.0025 7 7 71357699 100000 0.0014013904792529815 7 6.2e-3 0
4 6 0.0025 7 7 70973920 100000 0.0014089682520001714 7 6.2e-3 0
4 7 0.0025 7 7 71940279 100000 0.001390041870702225 7 6.2e-3 0
4 8 0.0025 7 7 71693874 100000 0.0013948193118982523 7 6.2e-3 0
4 9 0.0025 7 7 71659725 100000 0.0013954840044390346 7 6.2e-3 0
4 10 0.0025 7 7 72140213 100000 0.0013861894197623175 7 6.2e-3 0
4 11 0.0025 7 7 71948334 100000 0.0013898862480957515 7 6.2e-3 0
4 12 0.0025 7 7 71955709 100000 0.0013897437936439484 7 6.2e-3 0
4 13 0.0025 7 7 71845336 100000 0.0013918787992027763 7 6.2e-3 0
4 14 0.0025 7 7 71887485 100000 0.0013910627141845344 7 6.2e-3 0
4 15 0.0025 7 7 71650586 100000 0.001395661997795803 7 6.2e-3 0
5 0 0.0025 7 7 80735750 100000 0.0012386086708800004 7 6.2e-3 0
5 1 0.0025 7 7 80229395 100000 0.0012464259514857366 7 6.2e-3 0
5 2 0.0025 7 7 80056363 100000 0.001249119948154527 7 6.2e-3 0
5 3 0.0025 7 7 86266161 100000 0.0011592030854369422 7 6.2e-3 0
5 4 0.0025 7 7 86308693 100000 0.0011586318425653834 7 6.2e-3 0
5 5 0.0025 7 7 88046973 100000 0.0011357573871392489 7 6.2e-3 0
5 6 0.0025 7 7 87464411 100000 0.0011433221679158167 7 6.2e-3 0
5 7 0.0025 7 7 88403875 100000 0.0011311721347056338 7 6.2e-3 0
5 8 0.0025 7 7 88347274 100000 0.0011318968370206872 7 6.2e-3 0
5 9 0.0025 7 7 88663257 100000 0.001127862920713594 7 6.2e-3 0
5 10 0.0025 7 7 88618780 100000 0.001128428985368564 7 6.2e-3 0
5 11 0.0025 7 7 88408363 100000 0.0011311147113989657 7 6.2e-3 0
5 12 0.0025 7 7 88589827 100000 0.0011287977794560995 7 6.2e-3 0
5 13 0.0025 7 7 89062793 100000 0.0011228033237179076 7 6.2e-3 0
5 14 0.0025 7 7 88450908 100000 0.0011305706437745105 7 6.2e-3 0
5 15 0.0025 7 7 88776347 100000 0.001126426163942069 7 6.2e-3 0
6 0 0.0025 7 7 71495896 100000 0.0013986816809736884 7 6.2e-3 0
6 1 0.0025 7 7 71525183 100000 0.0013981089709340555 7 6.2e-3 0
6 2 0.0025 7 7 71408456 100000 0.0014003943734618768 7 6.2e-3 0
6 3 0.0025 7 7 79010377 100000 0.0012656565352168869 7 6.2e-3 0
6 4 0.0025 7 7 79659194 100000 0.0012553478761032908 7 6.2e-3 0
6 5 0.0025 7 7 81844871 100000 0.0012218236619861004 7 6.2e-3 0
6 6 0.0025 7 7 81612552 100000 0.0012253017158439059 7 6.2e-3 0
6 7 0.0025 7 7 82545882 100000 0.0012114474711167299 7 6.2e-3 0
6 8 0.0025 7 7 81751801 100000 0.0012232146420847658 7 6.2e-3 0
6 9 0.0025 7 7 82293176 100000 0.0012151675857060128 7 6.2e-3 0
6 10 0.0025 7 7 82629604 100000 0.0012102200078315758 7 6.2e-3 0
6 11 0.0025 7 7 82372100 100000 0.0012140032850928894 7 6.2e-3 0
6 12 0.0025 7 7 82059302 100000 0.0012186308872088626 7 6.2e-3 0
6 13 0.0025 7 7 82613490 100000 0.001210456064741969 7 6.2e-3 0
6 14 0.0025 7 7 82150161 100000 0.001217283067771468 7 6.2e-3 0
6 15 0.0025 7 7 82613854 100000 0.0012104507314233276 7 6.2e-3 0
7 0 0.0025 7 7 77243672 100000 0.0012946044305092073 7 6.2e-3 0
7 1 0.0025 7 7 77789273 100000 0.001285524290733505 7 6.2e-3 0
7 2 0.0025 7 7 77572282 100000 0.0012891202556088268 7 6.2e-3 0
7 3 0.0025 7 7 82352284 100000 0.001214295404363041 7 6.2e-3 0
7 4 0.0025 7 7 82508748 100000 0.0012119926968228872 7 6.2e-3 0
7 5 0.0025 7 7 83780679 100000 0.0011935926181739348 7 6.2e-3 0
7 6 0.0025 7 7 84009699 100000 0.001190338748862795 7 6.2e-3 0
7 7 0.0025 7 7 84096099 100000 0.0011891157995331033 7 6.2e-3 0
7 8 0.0025 7 7 84688112 100000 0.0011808032749626063 7 6.2e-3 0
7 9 0.0025 7 7 84582164 100000 0.0011822823544689635 7 6.2e-3 0
7 10 0.0025 7 7 83986911 100000 0.0011906617210865156 7 6.2e-3 0
7 11 0.0025 7 7 84399823 100000 0.001184836608010422 7 6.2e-3 0
7 12 0.0025 7 7 84411485 100000 0.0011846729150660007 7 6.2e-3 0
7 13 0.0025 7 7 84331000 100000 0.0011858035597822865 7 6.2e-3 0
7 14 0.0025 7 7 84451505 100000 0.0011841115205702966 7 6.2e-3 0
7 15 0.0025 7 7 84027888 100000 0.0011900810835564497 7 6.2e-3 0
8 0 0.0025 7 7 76068101 100000 0.0013146114952968262 7 6.2e-3 0
8 1 0.0025 7 7 76288555 100000 0.001310812611406783 7 6.2e-3 0
8 2 0.0025 7 7 76070876 100000 0.0013145635394023858 7 6.2e-3 0
8 3 0.0025 7 7 81912762 100000 0.001220810989135002 7 6.2e-3 0
8 4 0.0025 7 7 82010509 100000 0.0012193559242511226 7 6.2e-3 0
8 5 0.0025 7 7 83893400 100000 0.0011919888811277167 7 6.2e-3 0
8 6 0.0025 7 7 83849400 100000 0.0011926143776818917 7 6.2e-3 0
8 7 0.0025 7 7 84871580 100000 0.001178250717142299 7 6.2e-3 0
8 8 0.0025 7 7 85020421 100000 0.0011761880125246615 7 6.2e-3 0
8 9 0.0025 7 7 84864497 100000 0.001178349056850004 7 6.2e-3 0
8 10 0.0025 7 7 84447891 100000 0.0011841621953590292 7 6.2e-3 0
8 11 0.0025 7 7 85022150 100000 0.001176164093709698 7 6.2e-3 0
8 12 0.0025 7 7 85159364 100000 0.0011742689858510451 7 6.2e-3 0
8 13 0.0025 7 7 84525104 100000 0.0011830804727551711 7 6.2e-3 0
8 14 0.0025 7 7 84702287 100001 0.0011806174725837095 7 6.2e-3 0
8 15 0.0025 7 7 84555221 100000 0.0011826590814540004 7 6.2e-3 0
10 0 0.0025 7 7 86501077 100000 0.00115605497027511 7 6.2e-3 0
10 1 0.0025 7 7 86213328 100000 0.0011599134648879348 7 6.2e-3 0
10 2 0.0025 7 7 86607279 100000 0.0011546373602154157 7 6.2e-3 0
10 3 0.0025 7 7 92373302 100000 0.0010825638776017772 7 6.2e-3 0
10 4 0.0025 7 7 92689249 100000 0.0010788737753177826 7 6.2e-3 0
10 5 0.0025 7 7 94847388 100000 0.001054325291488259 7 6.2e-3 0
10 6 0.0025 7 7 94672242 100000 0.0010562758194740968 7 6.2e-3 0
10 7 0.0025 7 7 95330989 100000 0.0010489768442452643 7 6.2e-3 0
10 8 0.0025 7 7 94736445 100000 0.001055559980111139 7 6.2e-3 0
10 9 0.0025 7 7 95088721 100000 0.001051649438002221 7 6.2e-3 0
10 10 0.0025 7 7 95759981 100000 0.0010442775672647637 7 6.2e-3 0
10 11 0.0025 7 7 95538599 100000 0.0010466973667888934 7 6.2e-3 0
10 12 0.0025 7 7 94927265 100000 0.0010534381244419082 7 6.2e-3 0
10 13 0.0025 7 7 95302221 100000 0.0010492934891832165 7 6.2e-3 0
10 14 0.0025 7 7 95548037 100000 0.001046593976598389 7 6.2e-3 0
10 15 0.0025 7 7 95289042 100000 0.0010494386122593194 7 6.2e-3 0
12 0 0.0025 7 7 80400564 100000 0.0012437723695570095 7 6.2e-3 0
12 1 0.0025 7 7 80806269 100000 0.0012375277467643012 7 6.2e-3 0
12 2 0.0025 7 7 80513223 100000 0.0012420320075871264 7 6.2e-3 0
12 3 0.0025 7 7 87385852 100000 0.0011443500030187952 7 6.2e-3 0
12 4 0.0025 7 7 86859902 100000 0.0011512792174230176 7 6.2e-3 0
12 5 0.0025 7 7 88861620 100000 0.001125345227782253 7 6.2e-3 0
12 6 0.0025 7 7 88957757 100000 0.0011241290627415437 7 6.2e-3 0
12 7 0.0025 7 7 89232776 100000 0.0011206644518153286 7 6.2e-3 0
12 8 0.0025 7 7 89162763 100000 0.0011215444276889445 7 6.2e-3 0
12 9 0.0025 7 7 89466317 100000 0.0011177390928029372 7 6.2e-3 0
12 10 0.0025 7 7 89236791 100000 0.0011206140301481707 7 6.2e-3 0
12 11 0.0025 7 7 89691057 100000 0.0011149383600195502 7 6.2e-3 0
12 12 0.0025 7 7 89033047 100000 0.0011231784530523817 7 6.2e-3 0
12 13 0.0025 7 7 89376620 100000 0.0011188608385503949 7 6.2e-3 0
12 14 0.0025 7 7 89562031 100000 0.0011165445767972815 7 6.2e-3 0
12 15 0.0025 7 7 89961776 100000 0.0011115832128525342 7 6.2e-3 0
14 0 0.0025 7 7 85315180 100000 0.0011721243511412624 7 6.2e-3 0
14 1 0.0025 7 7 85050733 100000 0.001175768820240503 7 6.2e-3 0
14 2 0.0025 7 7 85465805 100000 0.0011700585982896902 7 6.2e-3 0
14 3 0.0025 7 7 91124037 100000 0.0010974052872569726 7 6.2e-3 0
14 4 0.0025 7 7 90814370 100000 0.0011011473184254872 7 6.2e-3 0
14 5 0.0025 7 7 92250424 100000 0.0010840058577942146 7 6.2e-3 0
14 6 0.0025 7 7 92677200 100000 0.00107901404013069 7 6.2e-3 0
14 7 0.0025 7 7 93328844 100000 0.0010714801096218442 7 6.2e-3 0
14 8 0.0025 7 7 92514722 100000 0.001080909047102795 7 6.2e-3 0
14 9 0.0025 7 7 93052674 100000 0.0010746601435655681 7 6.2e-3 0
14 10 0.0025 7 7 92944728 100000 0.0010759082537742217 7 6.2e-3 0
14 11 0.0025 7 7 93570492 100000 0.0010687129869959432 7 6.2e-3 0
14 12 0.0025 7 7 93813890 100000 0.00106594023550244 7 6.2e-3 0
14 13 0.0025 7 7 93105162 100000 0.0010740543043145127 7 6.2e-3 0
14 14 0.0025 7 7 93246259 100000 0.001072429082650919 7 6.2e-3 0
14 15 0.0025 7 7 93271900 100000 0.0010721342655183395 7 6.2e-3 0
16 0 0.0025 7 7 80231882 100000 0.0012463873152071892 7 6.2e-3 0
16 1 0.0025 7 7 80235755 100000 0.001246327151779154 7 6.2e-3 0
16 2 0.0025 7 7 80454216 100000 0.0012429429428533615 7 6.2e-3 0
16 3 0.0025 7 7 87239433 100000 0.0011462706319973447 7 6.2e-3 0
16 4 0.0025 7 7 87015382 100000 0.0011492220996053319 7 6.2e-3 0
16 5 0.0025 7 7 89221934 100000 0.0011208006318266985 7 6.2e-3 0
16 6 0.0025 7 7 88522350 100000 0.0011296582162583799 7 6.2e-3 0
16 7 0.0025 7 7 90187837 100000 0.0011087969656041314 7 6.2e-3 0
16 8 0.0025 7 7 89707533 100000 0.0011147335865316908 7 6.2e-3 0
16 9 0.0025 7 7 90410571 100000 0.0011060653515837214 7 6.2e-3 0
16 10 0.0025 7 7 90378742 100000 0.0011064548785155695 7 6.2e-3 0
16 11 0.0025 7 7 90092381 100000 0.0011099717744167512 7 6.2e-3 0
16 12 0.0025 7 7 90423121 100000 0.0011059118386325109 7 6.2e-3 0
16 13 0.0025 7 7 89958375 100000 0.001111625237783586 7 6.2e-3 0
16 14 0.0025 7 7 90017402 100000 0.0011108963131373198 7 6.2e-3 0
16 15 0.0025 7 7 90109800 100000 0.0011097572073181829 7 6.2e-3 0
20 0 0.0025 7 7 85517397 100000 0.0011693527107706518 7 6.2e-3 0
20 1 0.0025 7 7 86003472 100000 0.0011627437552753684 7 6.2e-3 0
20 2 0.0025 7 7 85442778 100000 0.001170373931428119 7 6.2e-3 0
20 3 0.0025 7 7 91682278 100000 0.0010907233347757785 7 6.2e-3 0
20 4 0.0025 7 7 91756487 100000 0.001089841201091319 7 6.2e-3 0
20 5 0.0025 7 7 93730230 100000 0.0010668916527784046 7 6.2e-3 0
20 6 0.0025 7 7 93679472 100000 0.0010674697227157728 7 6.2e-3 0
20 7 0.0025 7 7 94282409 100000 0.001060643242579854 7 6.2e-3 0
20 8 0.0025 7 7 94514856 100000 0.0010580347284240691 7 6.2e-3 0
20 9 0.0025 7 7 95164924 100000 0.0010508073331724618 7 6.2e-3 0
20 10 0.0025 7 7 94617833 100000 0.0010568832198894261 7 6.2e-3 0
20 11 0.0025 7 7 94489239 100000 0.001058321572470279 7 6.2e-3 0
20 12 0.0025 7 7 94467036 100000 0.0010585703144110501 7 6.2e-3 0
20 13 0.0025 7 7 94391117 100000 0.0010594217250337232 7 6.2e-3 0
20 14 0.0025 7 7 95020009 100000 0.0010524099192623735 7 6.2e-3 0
20 15 0.0025 7 7 94628811 100000 0.001056760609620256 7 6.2e-3 0
24 0 0.0025 7 7 84156226 100000 0.001188266213363703 7 6.2e-3 0
24 1 0.0025 7 7 84182495 100000 0.0011878954169747523 7 6.2e-3 0
24 2 0.0025 7 7 84285525 100000 0.0011864433424363199 7 6.2e-3 0
24 3 0.0025 7 7 89467606 100001 0.0011177341662634854 7 6.2e-3 0
24 4 0.0025 7 7 89284700 100000 0.0011200127233445371 7 6.2e-3 0
24 5 0.0025 7 7 91336962 100000 0.0010948470127570041 7 6.2e-3 0
24 6 0.0025 7 7 91417867 100000 0.0010938780709027044 7 6.2e-3 0
24 7 0.0025 7 7 92263765 100000 0.0010838491145467562 7 6.2e-3 0
24 8 0.0025 7 7 92066354 100000 0.0010861731311745005 7 6.2e-3 0
24 9 0.0025 7 7 92041593 100000 0.0010864653331239063 7 6.2e-3 0
24 10 0.0025 7 7 92580709 100000 0.0010801386280159077 7 6.2e-3 0
24 11 0.0025 7 7 92477223 100000 0.0010813473497144263 7 6.2e-3 0
24 12 0.0025 7 7 92286942 100000 0.001083576916006167 7 6.2e-3 0
24 13 0.0025 7 7 92627368 100000 0.0010795945319314266 7 6.2e-3 0
24 14 0.0025 7 7 92207497 100000 0.0010845105143673947 7 6.2e-3 0
24 15 0.0025 7 7 92462505 100000 0.001081519476462378 7 6.2e-3 0
28 0 0.0025 7 7 83945817 100000 0.0011912445857784671 7 6.2e-3 0
28 1 0.0025 7 7 83658074 100000 0.00119534188654642 7 6.2e-3 0
28 2 0.0025 7 7 83973460 100000 0.0011908524431409639 7 6.2e-3 0
28 3 0.0025 7 7 89807685 100000 0.001113490454630915 7 6.2e-3 0
28 4 0.0025 7 7 89521173 100000 0.0011170541744353595 7 6.2e-3 0
28 5 0.0025 7 7 92266129 100000 0.0010838213446670122 7 6.2e-3 0
28 6 0.0025 7 7 92329391 100000 0.001083078734917682 7 6.2e-3 0
28 7 0.0025 7 7 92374803 100000 0.00108254628699993 7 6.2e-3 0
28 8 0.0025 7 7 92733409 100000 0.0010783600115466477 7 6.2e-3 0
28 9 0.0025 7 7 92582656 100000 0.0010801159128552113 7 6.2e-3 0
28 10 0.0025 7 7 93320051 100000 0.001071581068895901 7 6.2e-3 0
28 11 0.0025 7 7 92967689 100000 0.0010756425278033964 7 6.2e-3 0
28 12 0.0025 7 7 92922054 100000 0.0010761707871847087 7 6.2e-3 0
28 13 0.0025 7 7 93230748 100000 0.0010726075049832273 7 6.2e-3 0
28 14 0.0025 7 7 92906584 100000 0.001076349981826907 7 6.2e-3 0
28 15 0.0025 7 7 93073642 100000 0.0010744180398570844 7 6.2e-3 0
32 0 0.0025 7 7 83426779 100000 0.0011986558896154914 7 6.2e-3 0
32 1 0.0025 7 7 83588445 100000 0.001196337603839861 7 6.2e-3 0
32 2 0.0025 7 7 83383736 100000 0.0011992746403207456 7 6.2e-3 0
32 3 0.0025 7 7 89866892 100000 0.0011127568537699067 7 6.2e-3 0
32 4 0.0025 7 7 89431320 100000 0.0011181764956616988 7 6.2e-3 0
32 5 0.0025 7 7 91676287 100000 0.0010907946130060875 7 6.2e-3 0
32 6 0.0025 7 7 91813717 100000 0.0010891618732743386 7 6.2e-3 0
32 7 0.0025 7 7 92397656 100000 0.001082278537455539 7 6.2e-3 0
32 8 0.0025 7 7 92751885 100000 0.001078145204272668 7 6.2e-3 0
32 9 0.0025 7 7 92805386 100000 0.0010775236687232787 7 6.2e-3 0
32 10 0.0025 7 7 92486630 100000 0.001081237363714085 7 6.2e-3 0
32 11 0.0025 7 7 92697933 100000 0.001078772705751702 7 6.2e-3 0
32 12 0.0025 7 7 92879110 100000 0.0010766683703149179 7 6.2e-3 0
32 13 0.0025 7 7 92360201 100000 0.00108271743583581 7 6.2e-3 0
32 14 0.0025 7 7 92742675 100000 0.001078252271675364 7 6.2e-3 0
32 15 0.0025 7 7 92593845 100000 0.0010799853921175861 7 6.2e-3 0
64 0 0.0025 7 7 84137909 100000 0.0011885249014210704 7 6.2e-3 0
64 1 0.0025 7 7 84408651 100000 0.0011847126901720062 7 6.2e-3 0
64 2 0.0025 7 7 84374720 100000 0.001185189118257222 7 6.2e-3 0
64 3 0.0025 7 7 90270767 100000 0.0011077783353718486 7 6.2e-3 0
64 4 0.0025 7 7 90390437 100000 0.0011063117218915537 7 6.2e-3 0
64 5 0.0025 7 7 91682839 100000 0.001090716660726442 7 6.2e-3 0
64 6 0.0025 7 7 92464685 100000 0.00108149397794412 7 6.2e-3 0
64 7 0.0025 7 7 92926901 100000 0.0010761146548941732 7 6.2e-3 0
64 8 0.0025 7 7 93248722 100000 0.0010724007563342262 7 6.2e-3 0
64 9 0.0025 7 7 93592258 100000 0.0010684644449971492 7 6.2e-3 0
64 10 0.0025 7 7 93677575 100000 0.0010674913393093279 7 6.2e-3 0
64 11 0.0025 7 7 93522315 100000 0.0010692635228287495 7 6.2e-3 0
64 12 0.0025 7 7 93269318 100000 0.001072163945703988 7 6.2e-3 0
64 13 0.0025 7 7 93209744 100000 0.0010728492076965688 7 6.2e-3 0
64 14 0.0025 7 7 93425606 100000 0.0010703703650581618 7 6.2e-3 0
64 15 0.0025 7 7 93468542 100000 0.0010698786764000235 7 6.2e-3 0
128 0 0.0025 7 7 84330509 100000 0.001185810463921189 7 6.2e-3 0
128 1 0.0025 7 7 84074023 100000 0.0011894280353397623 7 6.2e-3 0
128 2 0.0025 7 7 84214558 100000 0.0011874431496749053 7 6.2e-3 0
128 3 0.0025 7 7 90049636 100000 0.00111049865876193 7 6.2e-3 0
128 4 0.0025 7 7 90384961 100000 0.0011063787481193912 7 6.2e-3 0
128 5 0.0025 7 7 92144764 100000 0.001085248859067022 7 6.2e-3 0
128 6 0.0025 7 7 92618779 100000 0.0010796946481015474 7 6.2e-3 0
128 7 0.0025 7 7 93155320 100000 0.001073475996862015 7 6.2e-3 0
128 8 0.0025 7 7 93534677 100000 0.0010691222037362677 7 6.2e-3 0
128 9 0.0025 7 7 94120139 100000 0.0010624718690651317 7 6.2e-3 0
128 10 0.0025 7 7 93785593 100000 0.0010662618511139551 7 6.2e-3 0
128 11 0.0025 7 7 93713326 100000 0.0010670840985838022 7 6.2e-3 0
128 12 0.0025 7 7 93884834 100000 0.0010651347586128766 7 6.2e-3 0
128 13 0.0025 7 7 93447464 100000 0.001070119998120013 7 6.2e-3 0
128 14 0.0025 7 7 93763987 100000 0.0010665075494283322 7 6.2e-3 0
128 15 0.0025 7 7 93924793 100000 0.00106468161180829 7 6.2e-3 0
256 0 0.0025 7 7 84417161 100000 0.0011845932606049142 7 6.2e-3 0
256 1 0.0025 7 7 84690322 100000 0.0011807724618168296 7 6.2e-3 0
256 2 0.0025 7 7 84904812 100000 0.0011777895462509239 7 6.2e-3 0
256 3 0.0025 7 7 90444169 100000 0.0011056544728715457 7 6.2e-3 0
256 4 0.0025 7 7 89978005 100000 0.0011113827206993532 7 6.2e-3 0
256 5 0.0025 7 7 93239350 100000 0.001072508549233773 7 6.2e-3 0
256 6 0.0025 7 7 92608648 100000 0.0010798127621947358 7 6.2e-3 0
256 7 0.0025 7 7 93071114 100000 0.0010744472232276064 7 6.2e-3 0
256 8 0.0025 7 7 93559346 100000 0.0010688403059166318 7 6.2e-3 0
256 9 0.0025 7 7 93471648 100000 0.0010698431250511385 7 6.2e-3 0
256 10 0.0025 7 7 93841183 100000 0.001065630214827961 7 6.2e-3 0
256 11 0.0025 7 7 94122479 100000 0.0010624454547143833 7 6.2e-3 0
256 12 0.0025 7 7 93813209 100000 0.0010659479732752772 7 6.2e-3 0
256 13 0.0025 7 7 93961605 100000 0.0010642644939919874 7 6.2e-3 0
256 14 0.0025 7 7 94007737 100000 0.0010637422321952074 7 6.2e-3 0
256 15 0.0025 7 7 93628155 100000 0.0010680547961240932 7 6.2e-3 0
512 0 0.0025 7 7 84505386 100000 0.0011833565259378852 7 6.2e-3 0
512 1 0.0025 7 7 84759800 100000 0.0011798045771698375 7 6.2e-3 0
512 2 0.0025 7 7 84228922 100000 0.0011872406487643283 7 6.2e-3 0
512 3 0.0025 7 7 90085995 100000 0.001110050457898589 7 6.2e-3 0
512 4 0.0025 7 7 90697920 100000 0.0011025611171678468 7 6.2e-3 0
512 5 0.0025 7 7 92930687 100000 0.0010760708139389951 7 6.2e-3 0
512 6 0.0025 7 7 92861578 100000 0.0010768716422199932 7 6.2e-3 0
512 7 0.0025 7 7 93662054 100000 0.001067668236274212 7 6.2e-3 0
512 8 0.0025 7 7 93156060 100000 0.0010734674695344565 7 6.2e-3 0
512 9 0.0025 7 7 93487976 100000 0.00106965627323026 7 6.2e-3 0
512 10 0.0025 7 7 94113990 100000 0.0010625412863698586 7 6.2e-3 0
512 11 0.0025 7 7 93664844 100000 0.0010676364335801382 7 6.2e-3 0
512 12 0.0025 7 7 93741313 100000 0.0010667655145816018 7 6.2e-3 0
512 13 0.0025 7 7 93827355 100000 0.0010657872642791646 7 6.2e-3 0
512 14 0.0025 7 7 94169755 100000 0.0010619120756977653 7 6.2e-3 0
512 15 0.0025 7 7 94592292 100000 0.0010571685904386375 7 6.2e-3 0
1024 0 0.0025 7 7 84552705 100000 0.0011826942733529342 7 6.2e-3 0
1024 1 0.0025 7 7 84712528 100000 0.0011804629416796533 7 6.2e-3 0
1024 2 0.0025 7 7 84925273 100000 0.0011775057820538298 7 6.2e-3 0
1024 3 0.0025 7 7 91077832 100000 0.0010979620156088036 7 6.2e-3 0
1024 4 0.0025 7 7 90378487 100000 0.001106458000342493 7 6.2e-3 0
1024 5 0.0025 7 7 93294396 100000 0.0010718757426759053 7 6.2e-3 0
1024 6 0.0025 7 7 93067181 100000 0.0010744926291471103 7 6.2e-3 0
1024 7 0.0025 7 7 93437016 100000 0.0010702396574822125 7 6.2e-3 0
1024 8 0.0025 7 7 93926936 100000 0.001064657320451718 7 6.2e-3 0
1024 9 0.0025 7 7 94049806 100000 0.0010632664143932417 7 6.2e-3 0
1024 10 0.0025 7 7 94284601 100000 0.0010606185839403405 7 6.2e-3 0
1024 11 0.0025 7 7 94656010 100000 0.0010564569539747133 7 6.2e-3 0
1024 12 0.0025 7 7 93565357 100000 0.0010687716394861828 7 6.2e-3 0
1024 13 0.0025 7 7 93965544 100000 0.0010642198804276597 7 6.2e-3 0
1024 14 0.0025 7 7 93671839 100000 0.0010675567071977738 7 6.2e-3 0
1024 15 0.0025 7 7 93747560 100001 0.0010667050961113015 7 6.2e-3 0
