# <max_half_weight> <max_tree_size> ...
1 0 0.0025 9 9 100000011 79022 0.0007902199130758096 9 7.0e-3 0
1 1 0.0025 9 9 100000011 79269 0.0007926899128041096 9 7.0e-3 0
1 2 0.0025 9 9 100000011 78666 0.0007866599134674096 9 7.0e-3 0
1 3 0.0025 9 9 100000011 71905 0.0007190499209045087 9 7.3e-3 0
1 4 0.0025 9 9 100000011 71992 0.0007199199208088087 9 7.3e-3 0
1 5 0.0025 9 9 100000011 68498 0.0006849799246522083 9 7.5e-3 0
1 6 0.0025 9 9 100000011 68836 0.0006883599242804083 9 7.5e-3 0
1 7 0.0025 9 9 100000011 68300 0.0006829999248700083 9 7.5e-3 0
1 8 0.0025 9 9 100000011 67741 0.0006774099254849082 9 7.5e-3 0
1 9 0.0025 9 9 100000011 67561 0.0006756099256829081 9 7.5e-3 0
1 10 0.0025 9 9 100000011 67323 0.0006732299259447082 9 7.6e-3 0
1 11 0.0025 9 9 100000011 67719 0.0006771899255091082 9 7.5e-3 0
1 12 0.0025 9 9 100000011 67685 0.0006768499255465082 9 7.5e-3 0
1 13 0.0025 9 9 100000011 67428 0.0006742799258292082 9 7.5e-3 0
1 14 0.0025 9 9 100000011 68207 0.0006820699249723083 9 7.5e-3 0
1 15 0.0025 9 9 100000011 67992 0.0006799199252088082 9 7.5e-3 0
2 0 0.0025 9 9 100000011 79008 0.0007900799130912096 9 7.0e-3 0
2 1 0.0025 9 9 100000011 78910 0.0007890999131990095 9 7.0e-3 0
2 2 0.0025 9 9 100000011 79274 0.0007927399127986096 9 7.0e-3 0
2 3 0.0025 9 9 100000011 71822 0.0007182199209958087 9 7.3e-3 0
2 4 0.0025 9 9 100000011 71811 0.0007181099210079087 9 7.3e-3 0
2 5 0.0025 9 9 100000011 68741 0.0006874099243849083 9 7.5e-3 0
2 6 0.0025 9 9 100000011 68578 0.0006857799245642083 9 7.5e-3 0
2 7 0.0025 9 9 100000011 68155 0.0006815499250295082 9 7.5e-3 0
2 8 0.0025 9 9 100000011 67744 0.0006774399254816082 9 7.5e-3 0
2 9 0.0025 9 9 100000011 67583 0.0006758299256587082 9 7.5e-3 0
2 10 0.0025 9 9 100000011 67027 0.0006702699262703081 9 7.6e-3 0
2 11 0.0025 9 9 100000011 67806 0.0006780599254134082 9 7.5e-3 0
2 12 0.0025 9 9 100000011 68006 0.0006800599251934082 9 7.5e-3 0
2 13 0.0025 9 9 100000011 67615 0.0006761499256235082 9 7.5e-3 0
2 14 0.0025 9 9 100000011 67105 0.0006710499261845082 9 7.6e-3 0
2 15 0.0025 9 9 100000011 68138 0.0006813799250482082 9 7.5e-3 0
3 0 0.0025 9 9 100000011 78868 0.0007886799132452095 9 7.0e-3 0
3 1 0.0025 9 9 100000011 79254 0.0007925399128206096 9 7.0e-3 0
3 2 0.0025 9 9 100000011 78924 0.0007892399131836095 9 7.0e-3 0
3 3 0.0025 9 9 100000011 71781 0.0007178099210409087 9 7.3e-3 0
3 4 0.0025 9 9 100000011 71295 0.0007129499215755087 9 7.3e-3 0
3 5 0.0025 9 9 100000011 68431 0.0006843099247259083 9 7.5e-3 0
3 6 0.0025 9 9 100000011 68821 0.0006882099242969083 9 7.5e-3 0
3 7 0.0025 9 9 100000011 67764 0.0006776399254596082 9 7.5e-3 0
3 8 0.0025 9 9 100000011 67942 0.0006794199252638082 9 7.5e-3 0
3 9 0.0025 9 9 100000011 67818 0.0006781799254002082 9 7.5e-3 0
3 10 0.0025 9 9 100000011 67539 0.0006753899257071082 9 7.5e-3 0
3 11 0.0025 9 9 100000011 67640 0.0006763999255960082 9 7.5e-3 0
3 12 0.0025 9 9 100000011 67507 0.0006750699257423082 9 7.5e-3 0
3 13 0.0025 9 9 100000011 67485 0.0006748499257665082 9 7.5e-3 0
3 14 0.0025 9 9 100000011 67930 0.0006792999252770082 9 7.5e-3 0
3 15 0.0025 9 9 100000011 67590 0.0006758999256510082 9 7.5e-3 0
4 0 0.0025 9 9 100000011 54535 0.0005453499400115066 9 8.4e-3 0
4 1 0.0025 9 9 100000011 54098 0.0005409799404922065 9 8.4e-3 0
4 2 0.0025 9 9 100000011 54422 0.0005442199401358066 9 8.4e-3 0
4 3 0.0025 9 9 100000011 50930 0.0005092999439770062 9 8.7e-3 0
4 4 0.0025 9 9 100000011 51196 0.0005119599436844062 9 8.7e-3 0
4 5 0.0025 9 9 100000011 49134 0.000491339945952606 9 8.8e-3 0
4 6 0.0025 9 9 100000011 49209 0.000492089945870106 9 8.8e-3 0
4 7 0.0025 9 9 100000011 48803 0.0004880299463167059 9 8.9e-3 0
4 8 0.0025 9 9 100000011 49387 0.000493869945674306 9 8.8e-3 0
4 9 0.0025 9 9 100000011 49047 0.000490469946048306 9 8.8e-3 0
4 10 0.0025 9 9 100000011 48763 0.0004876299463607059 9 8.9e-3 0
4 11 0.0025 9 9 100000011 48679 0.0004867899464531059 9 8.9e-3 0
4 12 0.0025 9 9 100000011 48804 0.0004880399463156059 9 8.9e-3 0
4 13 0.0025 9 9 100000011 48861 0.0004886099462529059 9 8.9e-3 0
4 14 0.0025 9 9 100000011 48549 0.0004854899465961059 9 8.9e-3 0
4 15 0.0025 9 9 100000011 49079 0.0004907899460131059 9 8.8e-3 0
5 0 0.0025 9 9 100000011 41253 0.000412529954621705 9 9.6e-3 0
5 1 0.0025 9 9 100000011 40940 0.00040939995496600494 9 9.7e-3 0
5 2 0.0025 9 9 100000011 40921 0.00040920995498690494 9 9.7e-3 0
5 3 0.0025 9 9 100000011 37349 0.0003734899589161045 9 1.0e-2 0
5 4 0.0025 9 9 100000011 38095 0.0003809499580955046 9 1.0e-2 0
5 5 0.0025 9 9 100000011 36501 0.0003650099598489044 9 1.0e-2 0
5 6 0.0025 9 9 100000011 36421 0.00036420995993690443 9 1.0e-2 0
5 7 0.0025 9 9 100000011 35692 0.0003569199607388043 9 1.0e-2 0
5 8 0.0025 9 9 100000011 36001 0.00036000996039890434 9 1.0e-2 0
5 9 0.0025 9 9 100000011 35627 0.0003562699608103043 9 1.0e-2 0
5 10 0.0025 9 9 100000011 35774 0.0003577399606486043 9 1.0e-2 0
5 11 0.0025 9 9 100000011 35373 0.0003537299610897043 9 1.0e-2 0
5 12 0.0025 9 9 100000011 35422 0.0003542199610358043 9 1.0e-2 0
5 13 0.0025 9 9 100000011 35523 0.0003552299609247043 9 1.0e-2 0
5 14 0.0025 9 9 100000011 35466 0.0003546599609874043 9 1.0e-2 0
5 15 0.0025 9 9 100000011 35565 0.0003556499608785043 9 1.0e-2 0
6 0 0.0025 9 9 100000011 47352 0.00047351994791280575 9 9.0e-3 0
6 1 0.0025 9 9 100000011 47293 0.00047292994797770575 9 9.0e-3 0
6 2 0.0025 9 9 100000011 47627 0.00047626994761030574 9 9.0e-3 0
6 3 0.0025 9 9 100000011 42001 0.0004200099537989051 9 9.6e-3 0
6 4 0.0025 9 9 100000011 42430 0.0004242999533270051 9 9.5e-3 0
6 5 0.0025 9 9 100000011 39944 0.00039943995606160485 9 9.8e-3 0
6 6 0.0025 9 9 100000011 40335 0.00040334995563150487 9 9.8e-3 0
6 7 0.0025 9 9 100000011 39438 0.0003943799566182048 9 9.9e-3 0
6 8 0.0025 9 9 100000011 39489 0.0003948899565621048 9 9.9e-3 0
6 9 0.0025 9 9 100000011 39506 0.0003950599565434048 9 9.9e-3 0
6 10 0.0025 9 9 100000011 39121 0.00039120995696690475 9 9.9e-3 0
6 11 0.0025 9 9 100000011 39103 0.0003910299569867047 9 9.9e-3 0
6 12 0.0025 9 9 100000011 39161 0.00039160995692290475 9 9.9e-3 0
6 13 0.0025 9 9 100000011 39544 0.0003954399565016048 9 9.9e-3 0
6 14 0.0025 9 9 100000011 39026 0.0003902599570714047 9 9.9e-3 0
6 15 0.0025 9 9 100000011 39201 0.00039200995687890475 9 9.9e-3 0
7 0 0.0025 9 9 100000011 43360 0.00043359995230400525 9 9.4e-3 0
7 1 0.0025 9 9 100000011 43135 0.0004313499525515052 9 9.4e-3 0
7 2 0.0025 9 9 100000011 43374 0.0004337399522886053 9 9.4e-3 0
7 3 0.0025 9 9 100000011 39957 0.0003995699560473048 9 9.8e-3 0
7 4 0.0025 9 9 100000011 40260 0.00040259995571400486 9 9.8e-3 0
7 5 0.0025 9 9 100000011 39112 0.0003911199569768047 9 9.9e-3 0
7 6 0.0025 9 9 100000011 39309 0.00039308995676010474 9 9.9e-3 0
7 7 0.0025 9 9 100000011 38433 0.00038432995772370464 9 1.0e-2 0
7 8 0.0025 9 9 100000011 38676 0.00038675995745640466 9 1.0e-2 0
7 9 0.0025 9 9 100000011 37871 0.0003787099583419046 9 1.0e-2 0
7 10 0.0025 9 9 100000011 38786 0.0003878599573354047 9 1.0e-2 0
7 11 0.0025 9 9 100000011 38429 0.0003842899577281047 9 1.0e-2 0
7 12 0.0025 9 9 100000011 38364 0.0003836399577996046 9 1.0e-2 0
7 13 0.0025 9 9 100000011 38587 0.0003858699575543047 9 1.0e-2 0
7 14 0.0025 9 9 100000011 38418 0.00038417995774020464 9 1.0e-2 0
7 15 0.0025 9 9 100000011 38573 0.00038572995756970465 9 1.0e-2 0
8 0 0.0025 9 9 100000011 44624 0.0004462399509136054 9 9.3e-3 0
8 1 0.0025 9 9 100000011 44716 0.0004471599508124054 9 9.3e-3 0
8 2 0.0025 9 9 100000011 44568 0.0004456799509752054 9 9.3e-3 0
8 3 0.0025 9 9 100000011 41089 0.00041088995480210495 9 9.7e-3 0
8 4 0.0025 9 9 100000011 40620 0.0004061999553180049 9 9.7e-3 0
8 5 0.0025 9 9 100000011 39278 0.00039277995679420474 9 9.9e-3 0
8 6 0.0025 9 9 100000011 39181 0.0003918099569009047 9 9.9e-3 0
8 7 0.0025 9 9 100000011 38842 0.0003884199572738047 9 9.9e-3 0
8 8 0.0025 9 9 100000011 38791 0.00038790995732990467 9 9.9e-3 0
8 9 0.0025 9 9 100000011 38632 0.00038631995750480465 9 1.0e-2 0
8 10 0.0025 9 9 100000011 38447 0.00038446995770830466 9 1.0e-2 0
8 11 0.0025 9 9 100000011 37958 0.0003795799582462046 9 1.0e-2 0
8 12 0.0025 9 9 100000011 38855 0.0003885499572595047 9 9.9e-3 0
8 13 0.0025 9 9 100000011 38586 0.00038585995755540466 9 1.0e-2 0
8 14 0.0025 9 9 100000011 38488 0.0003848799576632047 9 1.0e-2 0
8 15 0.0025 9 9 100000011 38378 0.00038377995778420465 9 1.0e-2 0
10 0 0.0025 9 9 100000011 37723 0.00037722995850470456 9 1.0e-2 0
10 1 0.0025 9 9 100000011 37713 0.00037712995851570455 9 1.0e-2 0
10 2 0.0025 9 9 100000011 37777 0.0003777699584453046 9 1.0e-2 0
10 3 0.0025 9 9 100000011 35240 0.00035239996123600424 9 1.0e-2 0
10 4 0.0025 9 9 100000011 34854 0.0003485399616606042 9 1.0e-2 0
10 5 0.0025 9 9 100000011 33505 0.00033504996314450406 9 1.1e-2 0
10 6 0.0025 9 9 100000011 33779 0.0003377899628431041 9 1.1e-2 0
10 7 0.0025 9 9 100000011 33625 0.00033624996301250405 9 1.1e-2 0
10 8 0.0025 9 9 100000011 33083 0.000330829963608704 9 1.1e-2 0
10 9 0.0025 9 9 100000011 32715 0.00032714996401350395 9 1.1e-2 0
10 10 0.0025 9 9 100000011 32729 0.000327289963998104 9 1.1e-2 0
10 11 0.0025 9 9 100000011 32609 0.00032608996413010393 9 1.1e-2 0
10 12 0.0025 9 9 100000011 33097 0.000330969963593304 9 1.1e-2 0
10 13 0.0025 9 9 100000011 33102 0.000331019963587804 9 1.1e-2 0
10 14 0.0025 9 9 100000011 33043 0.000330429963652704 9 1.1e-2 0
10 15 0.0025 9 9 100000011 32829 0.000328289963888104 9 1.1e-2 0
12 0 0.0025 9 9 100000011 41058 0.00041057995483620495 9 9.7e-3 0
12 1 0.0025 9 9 100000011 41366 0.00041365995449740503 9 9.6e-3 0
12 2 0.0025 9 9 100000011 41275 0.000412749954597505 9 9.6e-3 0
12 3 0.0025 9 9 100000011 37949 0.0003794899582561046 9 1.0e-2 0
12 4 0.0025 9 9 100000011 37965 0.0003796499582385046 9 1.0e-2 0
12 5 0.0025 9 9 100000011 36883 0.00036882995942870444 9 1.0e-2 0
12 6 0.0025 9 9 100000011 36662 0.0003666199596718044 9 1.0e-2 0
12 7 0.0025 9 9 100000011 36168 0.0003616799602152044 9 1.0e-2 0
12 8 0.0025 9 9 100000011 35756 0.00035755996066840433 9 1.0e-2 0
12 9 0.0025 9 9 100000011 35683 0.0003568299607487043 9 1.0e-2 0
12 10 0.0025 9 9 100000011 35490 0.0003548999609610043 9 1.0e-2 0
12 11 0.0025 9 9 100000011 35663 0.00035662996077070433 9 1.0e-2 0
12 12 0.0025 9 9 100000011 35713 0.00035712996071570434 9 1.0e-2 0
12 13 0.0025 9 9 100000011 35922 0.00035921996048580437 9 1.0e-2 0
12 14 0.0025 9 9 100000011 35919 0.00035918996048910437 9 1.0e-2 0
12 15 0.0025 9 9 100000011 35641 0.0003564099607949043 9 1.0e-2 0
14 0 0.0025 9 9 100000011 38240 0.0003823999579360046 9 1.0e-2 0
14 1 0.0025 9 9 100000011 38102 0.0003810199580878046 9 1.0e-2 0
14 2 0.0025 9 9 100000011 38205 0.0003820499579745046 9 1.0e-2 0
14 3 0.0025 9 9 100000011 35591 0.0003559099608499043 9 1.0e-2 0
14 4 0.0025 9 9 100000011 35363 0.0003536299611007043 9 1.0e-2 0
14 5 0.0025 9 9 100000011 34450 0.0003444999621050042 9 1.1e-2 0
14 6 0.0025 9 9 100000011 34595 0.00034594996194550417 9 1.1e-2 0
14 7 0.0025 9 9 100000011 33738 0.0003373799628882041 9 1.1e-2 0
14 8 0.0025 9 9 100000011 33727 0.0003372699629003041 9 1.1e-2 0
14 9 0.0025 9 9 100000011 33555 0.00033554996308950407 9 1.1e-2 0
14 10 0.0025 9 9 100000011 33551 0.00033550996309390405 9 1.1e-2 0
14 11 0.0025 9 9 100000011 33228 0.00033227996344920404 9 1.1e-2 0
14 12 0.0025 9 9 100000011 33569 0.00033568996307410404 9 1.1e-2 0
14 13 0.0025 9 9 100000011 33886 0.0003388599627254041 9 1.1e-2 0
14 14 0.0025 9 9 100000011 33482 0.00033481996316980404 9 1.1e-2 0
14 15 0.0025 9 9 100000011 33457 0.00033456996319730404 9 1.1e-2 0
16 0 0.0025 9 9 100000011 41877 0.0004187699539353051 9 9.6e-3 0
16 1 0.0025 9 9 100000011 41575 0.00041574995426750506 9 9.6e-3 0
16 2 0.0025 9 9 100000011 41637 0.00041636995419930506 9 9.6e-3 0
16 3 0.0025 9 9 100000011 38084 0.0003808399581076046 9 1.0e-2 0
16 4 0.0025 9 9 100000011 37937 0.00037936995826930457 9 1.0e-2 0
16 5 0.0025 9 9 100000011 36437 0.0003643699599193044 9 1.0e-2 0
16 6 0.0025 9 9 100000011 36665 0.0003666499596685044 9 1.0e-2 0
16 7 0.0025 9 9 100000011 36144 0.00036143996024160435 9 1.0e-2 0
16 8 0.0025 9 9 100000011 35780 0.0003577999606420043 9 1.0e-2 0
16 9 0.0025 9 9 100000011 35543 0.0003554299609027043 9 1.0e-2 0
16 10 0.0025 9 9 100000011 35860 0.00035859996055400437 9 1.0e-2 0
16 11 0.0025 9 9 100000011 35420 0.0003541999610380043 9 1.0e-2 0
16 12 0.0025 9 9 100000011 35742 0.0003574199606838043 9 1.0e-2 0
16 13 0.0025 9 9 100000011 35586 0.0003558599608554043 9 1.0e-2 0
16 14 0.0025 9 9 100000011 35668 0.0003566799607652043 9 1.0e-2 0
16 15 0.0025 9 9 100000011 35268 0.00035267996120520425 9 1.0e-2 0
20 0 0.0025 9 9 100000011 38656 0.0003865599574784047 9 1.0e-2 0
20 1 0.0025 9 9 100000011 38284 0.00038283995788760463 9 1.0e-2 0
20 2 0.0025 9 9 100000011 38173 0.00038172995800970464 9 1.0e-2 0
20 3 0.0025 9 9 100000011 35213 0.00035212996126570426 9 1.0e-2 0
20 4 0.0025 9 9 100000011 35543 0.0003554299609027043 9 1.0e-2 0
20 5 0.0025 9 9 100000011 34301 0.0003430099622689042 9 1.1e-2 0
20 6 0.0025 9 9 100000011 34031 0.0003403099625659041 9 1.1e-2 0
20 7 0.0025 9 9 100000011 33750 0.00033749996287500407 9 1.1e-2 0
20 8 0.0025 9 9 100000011 33322 0.00033321996334580406 9 1.1e-2 0
20 9 0.0025 9 9 100000011 33432 0.00033431996322480403 9 1.1e-2 0
20 10 0.0025 9 9 100000011 33335 0.000333349963331504 9 1.1e-2 0
20 11 0.0025 9 9 100000011 33270 0.000332699963403004 9 1.1e-2 0
20 12 0.0025 9 9 100000011 33236 0.000332359963440404 9 1.1e-2 0
20 13 0.0025 9 9 100000011 33085 0.00033084996360650403 9 1.1e-2 0
20 14 0.0025 9 9 100000011 33068 0.000330679963625204 9 1.1e-2 0
20 15 0.0025 9 9 100000011 33148 0.000331479963537204 9 1.1e-2 0
24 0 0.0025 9 9 100000011 39120 0.00039119995696800474 9 9.9e-3 0
24 1 0.0025 9 9 100000011 38832 0.0003883199572848047 9 9.9e-3 0
24 2 0.0025 9 9 100000011 38936 0.0003893599571704047 9 9.9e-3 0
24 3 0.0025 9 9 100000011 36442 0.0003644199599138044 9 1.0e-2 0
24 4 0.0025 9 9 100000011 36241 0.00036240996013490437 9 1.0e-2 0
24 5 0.0025 9 9 100000011 34787 0.00034786996173430423 9 1.1e-2 0
24 6 0.0025 9 9 100000011 34874 0.00034873996163860423 9 1.0e-2 0
24 7 0.0025 9 9 100000011 34263 0.00034262996231070416 9 1.1e-2 0
24 8 0.0025 9 9 100000011 34183 0.0003418299623987041 9 1.1e-2 0
24 9 0.0025 9 9 100000011 34252 0.00034251996232280413 9 1.1e-2 0
24 10 0.0025 9 9 100000011 34241 0.00034240996233490415 9 1.1e-2 0
24 11 0.0025 9 9 100000011 34312 0.00034311996225680415 9 1.1e-2 0
24 12 0.0025 9 9 100000011 33846 0.00033845996276940407 9 1.1e-2 0
24 13 0.0025 9 9 100000011 33998 0.00033997996260220413 9 1.1e-2 0
24 14 0.0025 9 9 100000011 34238 0.00034237996233820416 9 1.1e-2 0
24 15 0.0025 9 9 100000011 34251 0.00034250996232390417 9 1.1e-2 0
28 0 0.0025 9 9 100000011 39088 0.0003908799570032047 9 9.9e-3 0
28 1 0.0025 9 9 100000011 38793 0.0003879299573277047 9 9.9e-3 0
28 2 0.0025 9 9 100000011 39253 0.00039252995682170473 9 9.9e-3 0
28 3 0.0025 9 9 100000011 36038 0.00036037996035820434 9 1.0e-2 0
28 4 0.0025 9 9 100000011 36259 0.0003625899601151044 9 1.0e-2 0
28 5 0.0025 9 9 100000011 34610 0.00034609996192900416 9 1.1e-2 0
28 6 0.0025 9 9 100000011 34855 0.0003485499616595042 9 1.0e-2 0
28 7 0.0025 9 9 100000011 34492 0.00034491996205880416 9 1.1e-2 0
28 8 0.0025 9 9 100000011 34331 0.00034330996223590416 9 1.1e-2 0
28 9 0.0025 9 9 100000011 34113 0.00034112996247570414 9 1.1e-2 0
28 10 0.0025 9 9 100000011 34080 0.0003407999625120041 9 1.1e-2 0
28 11 0.0025 9 9 100000011 33822 0.0003382199627958041 9 1.1e-2 0
28 12 0.0025 9 9 100000011 33811 0.0003381099628079041 9 1.1e-2 0
28 13 0.0025 9 9 100000011 33975 0.0003397499626275041 9 1.1e-2 0
28 14 0.0025 9 9 100000011 33906 0.0003390599627034041 9 1.1e-2 0
28 15 0.0025 9 9 100000011 33729 0.0003372899628981041 9 1.1e-2 0
32 0 0.0025 9 9 100000011 39273 0.00039272995679970476 9 9.9e-3 0
32 1 0.0025 9 9 100000011 39331 0.00039330995673590475 9 9.9e-3 0
32 2 0.0025 9 9 100000011 39384 0.00039383995667760475 9 9.9e-3 0
32 3 0.0025 9 9 100000011 36289 0.0003628899600821044 9 1.0e-2 0
32 4 0.0025 9 9 100000011 36183 0.0003618299601987044 9 1.0e-2 0
32 5 0.0025 9 9 100000011 35154 0.00035153996133060426 9 1.0e-2 0
32 6 0.0025 9 9 100000011 35267 0.0003526699612063043 9 1.0e-2 0
32 7 0.0025 9 9 100000011 34303 0.00034302996226670416 9 1.1e-2 0
32 8 0.0025 9 9 100000011 34861 0.0003486099616529042 9 1.0e-2 0
32 9 0.0025 9 9 100000011 34187 0.00034186996239430413 9 1.1e-2 0
32 10 0.0025 9 9 100000011 34173 0.00034172996240970416 9 1.1e-2 0
32 11 0.0025 9 9 100000011 33999 0.0003399899626011041 9 1.1e-2 0
32 12 0.0025 9 9 100000011 34143 0.0003414299624427041 9 1.1e-2 0
32 13 0.0025 9 9 100000011 34069 0.0003406899625241041 9 1.1e-2 0
32 14 0.0025 9 9 100000011 33699 0.0003369899629311041 9 1.1e-2 0
32 15 0.0025 9 9 100000011 33966 0.0003396599626374041 9 1.1e-2 0
64 0 0.0025 9 9 100000011 39192 0.00039191995688880475 9 9.9e-3 0
64 1 0.0025 9 9 100000011 38918 0.0003891799571902047 9 9.9e-3 0
64 2 0.0025 9 9 100000011 38833 0.0003883299572837047 9 9.9e-3 0
64 3 0.0025 9 9 100000011 36263 0.0003626299601107044 9 1.0e-2 0
64 4 0.0025 9 9 100000011 36108 0.00036107996028120437 9 1.0e-2 0
64 5 0.0025 9 9 100000011 34389 0.00034388996217210414 9 1.1e-2 0
64 6 0.0025 9 9 100000011 34494 0.0003449399620566042 9 1.1e-2 0
64 7 0.0025 9 9 100000011 34249 0.00034248996232610413 9 1.1e-2 0
64 8 0.0025 9 9 100000011 33673 0.0003367299629597041 9 1.1e-2 0
64 9 0.0025 9 9 100000011 33898 0.0003389799627122041 9 1.1e-2 0
64 10 0.0025 9 9 100000011 34051 0.00034050996254390414 9 1.1e-2 0
64 11 0.0025 9 9 100000011 33614 0.0003361399630246041 9 1.1e-2 0
64 12 0.0025 9 9 100000011 33401 0.00033400996325890403 9 1.1e-2 0
64 13 0.0025 9 9 100000011 33888 0.0003388799627232041 9 1.1e-2 0
64 14 0.0025 9 9 100000011 33899 0.0003389899627111041 9 1.1e-2 0
64 15 0.0025 9 9 100000011 34099 0.0003409899624911041 9 1.1e-2 0
128 0 0.0025 9 9 100000011 38856 0.0003885599572584047 9 9.9e-3 0
128 1 0.0025 9 9 100000011 38897 0.0003889699572133047 9 9.9e-3 0
128 2 0.0025 9 9 100000011 38673 0.00038672995745970466 9 1.0e-2 0
128 3 0.0025 9 9 100000011 35797 0.00035796996062330435 9 1.0e-2 0
128 4 0.0025 9 9 100000011 35949 0.00035948996045610435 9 1.0e-2 0
128 5 0.0025 9 9 100000011 34831 0.00034830996168590424 9 1.1e-2 0
128 6 0.0025 9 9 100000011 34621 0.0003462099619169042 9 1.1e-2 0
128 7 0.0025 9 9 100000011 34228 0.00034227996234920414 9 1.1e-2 0
128 8 0.0025 9 9 100000011 34161 0.0003416099624229041 9 1.1e-2 0
128 9 0.0025 9 9 100000011 33774 0.0003377399628486041 9 1.1e-2 0
128 10 0.0025 9 9 100000011 33788 0.0003378799628332041 9 1.1e-2 0
128 11 0.0025 9 9 100000011 33836 0.0003383599627804041 9 1.1e-2 0
128 12 0.0025 9 9 100000011 33307 0.000333069963362304 9 1.1e-2 0
128 13 0.0025 9 9 100000011 33674 0.0003367399629586041 9 1.1e-2 0
128 14 0.0025 9 9 100000011 33226 0.000332259963451404 9 1.1e-2 0
128 15 0.0025 9 9 100000011 33805 0.0003380499628145041 9 1.1e-2 0
256 0 0.0025 9 9 100000011 38661 0.00038660995747290467 9 1.0e-2 0
256 1 0.0025 9 9 100000011 38657 0.00038656995747730465 9 1.0e-2 0
256 2 0.0025 9 9 100000011 38730 0.0003872999573970047 9 1.0e-2 0
256 3 0.0025 9 9 100000011 35988 0.00035987996041320433 9 1.0e-2 0
256 4 0.0025 9 9 100000011 35780 0.0003577999606420043 9 1.0e-2 0
256 5 0.0025 9 9 100000011 34746 0.0003474599617794042 9 1.1e-2 0
256 6 0.0025 9 9 100000011 34818 0.00034817996170020423 9 1.1e-2 0
256 7 0.0025 9 9 100000011 34085 0.00034084996250650413 9 1.1e-2 0
256 8 0.0025 9 9 100000011 34215 0.00034214996236350413 9 1.1e-2 0
256 9 0.0025 9 9 100000011 33822 0.0003382199627958041 9 1.1e-2 0
256 10 0.0025 9 9 100000011 33993 0.0003399299626077041 9 1.1e-2 0
256 11 0.0025 9 9 100000011 33489 0.00033488996316210405 9 1.1e-2 0
256 12 0.0025 9 9 100000011 33578 0.00033577996306420404 9 1.1e-2 0
256 13 0.0025 9 9 100000011 33535 0.00033534996311150405 9 1.1e-2 0
256 14 0.0025 9 9 100000011 33740 0.00033739996288600406 9 1.1e-2 0
256 15 0.0025 9 9 100000011 33782 0.0003378199628398041 9 1.1e-2 0
512 0 0.0025 9 9 100000011 38909 0.00038908995720010473 9 9.9e-3 0
512 1 0.0025 9 9 100000011 38731 0.0003873099573959047 9 1.0e-2 0
512 2 0.0025 9 9 100000011 38671 0.0003867099574619047 9 1.0e-2 0
512 3 0.0025 9 9 100000011 35913 0.00035912996049570437 9 1.0e-2 0
512 4 0.0025 9 9 100000011 36030 0.00036029996036700436 9 1.0e-2 0
512 5 0.0025 9 9 100000011 34595 0.00034594996194550417 9 1.1e-2 0
512 6 0.0025 9 9 100000011 34686 0.0003468599618454042 9 1.1e-2 0
512 7 0.0025 9 9 100000011 33884 0.0003388399627276041 9 1.1e-2 0
512 8 0.0025 9 9 100000011 33738 0.0003373799628882041 9 1.1e-2 0
512 9 0.0025 9 9 100000011 33708 0.0003370799629212041 9 1.1e-2 0
512 10 0.0025 9 9 100000011 33572 0.00033571996307080404 9 1.1e-2 0
512 11 0.0025 9 9 100000011 33712 0.00033711996291680405 9 1.1e-2 0
512 12 0.0025 9 9 100000011 33388 0.000333879963273204 9 1.1e-2 0
512 13 0.0025 9 9 100000011 33535 0.00033534996311150405 9 1.1e-2 0
512 14 0.0025 9 9 100000011 33573 0.00033572996306970406 9 1.1e-2 0
512 15 0.0025 9 9 100000011 33600 0.00033599996304000405 9 1.1e-2 0
1024 0 0.0025 9 9 100000011 38748 0.0003874799573772047 9 1.0e-2 0
1024 1 0.0025 9 9 100000011 38581 0.0003858099575609047 9 1.0e-2 0
1024 2 0.0025 9 9 100000011 38838 0.0003883799572782047 9 9.9e-3 0
1024 3 0.0025 9 9 100000011 35938 0.0003593799604682044 9 1.0e-2 0
1024 4 0.0025 9 9 100000011 35742 0.0003574199606838043 9 1.0e-2 0
1024 5 0.0025 9 9 100000011 34696 0.0003469599618344042 9 1.1e-2 0
1024 6 0.0025 9 9 100000011 34710 0.0003470999618190042 9 1.1e-2 0
1024 7 0.0025 9 9 100000011 34172 0.00034171996241080414 9 1.1e-2 0
1024 8 0.0025 9 9 100000011 34159 0.00034158996242510413 9 1.1e-2 0
1024 9 0.0025 9 9 100000011 33622 0.00033621996301580405 9 1.1e-2 0
1024 10 0.0025 9 9 100000011 33875 0.0003387499627375041 9 1.1e-2 0
1024 11 0.0025 9 9 100000011 33227 0.000332269963450304 9 1.1e-2 0
1024 12 0.0025 9 9 100000011 33442 0.00033441996321380404 9 1.1e-2 0
1024 13 0.0025 9 9 100000011 33548 0.00033547996309720406 9 1.1e-2 0
1024 14 0.0025 9 9 100000011 33529 0.00033528996311810405 9 1.1e-2 0
1024 15 0.0025 9 9 100000011 33347 0.00033346996331830406 9 1.1e-2 0
