# <max_half_weight> <max_tree_size> ...
1 0 0.05 11 0 100000011 82241 0.0008224099095349099 11 6.8e-3 0
1 1 0.05 11 0 100000011 82003 0.0008200299097967099 11 6.8e-3 0
1 2 0.05 11 0 100000011 82394 0.00082393990936661 11 6.8e-3 0
1 3 0.05 11 0 100000011 72137 0.0007213699206493088 11 7.3e-3 0
1 4 0.05 11 0 100000011 72516 0.0007251599202324088 11 7.3e-3 0
1 5 0.05 11 0 100000011 68405 0.0006840499247545083 11 7.5e-3 0
1 6 0.05 11 0 100000011 68302 0.0006830199248678083 11 7.5e-3 0
1 7 0.05 11 0 100000011 67549 0.0006754899256961081 11 7.5e-3 0
1 8 0.05 11 0 100000011 67353 0.0006735299259117082 11 7.5e-3 0
1 9 0.05 11 0 100000011 67316 0.0006731599259524082 11 7.6e-3 0
1 10 0.05 11 0 100000011 66662 0.0006666199266718081 11 7.6e-3 0
1 11 0.05 11 0 100000011 66821 0.0006682099264969081 11 7.6e-3 0
1 12 0.05 11 0 100000011 66564 0.000665639926779608 11 7.6e-3 0
1 13 0.05 11 0 100000011 65591 0.0006559099278499079 11 7.7e-3 0
1 14 0.05 11 0 100000011 66111 0.000661109927277908 11 7.6e-3 0
1 15 0.05 11 0 100000011 65950 0.000659499927455008 11 7.6e-3 0
2 0 0.05 11 0 100000011 82193 0.0008219299095877099 11 6.8e-3 0
2 1 0.05 11 0 100000011 82452 0.0008245199093028099 11 6.8e-3 0
2 2 0.05 11 0 100000011 82135 0.0008213499096515099 11 6.8e-3 0
2 3 0.05 11 0 100000011 72451 0.0007245099203039087 11 7.3e-3 0
2 4 0.05 11 0 100000011 72323 0.0007232299204447088 11 7.3e-3 0
2 5 0.05 11 0 100000011 68764 0.0006876399243596084 11 7.5e-3 0
2 6 0.05 11 0 100000011 68805 0.0006880499243145083 11 7.5e-3 0
2 7 0.05 11 0 100000011 67540 0.0006753999257060082 11 7.5e-3 0
2 8 0.05 11 0 100000011 67437 0.0006743699258193081 11 7.5e-3 0
2 9 0.05 11 0 100000011 67050 0.0006704999262450081 11 7.6e-3 0
2 10 0.05 11 0 100000011 66627 0.000666269926710308 11 7.6e-3 0
2 11 0.05 11 0 100000011 67007 0.0006700699262923081 11 7.6e-3 0
2 12 0.05 11 0 100000011 66699 0.0006669899266311081 11 7.6e-3 0
2 13 0.05 11 0 100000011 66505 0.0006650499268445081 11 7.6e-3 0
2 14 0.05 11 0 100000011 66186 0.000661859927195408 11 7.6e-3 0
2 15 0.05 11 0 100000011 66255 0.000662549927119508 11 7.6e-3 0
3 0 0.05 11 0 100000011 82893 0.0008289299088177101 11 6.8e-3 0
3 1 0.05 11 0 100000011 82160 0.0008215999096240099 11 6.8e-3 0
3 2 0.05 11 0 100000011 82220 0.00082219990955801 11 6.8e-3 0
3 3 0.05 11 0 100000011 72824 0.0007282399198936088 11 7.3e-3 0
3 4 0.05 11 0 100000011 72167 0.0007216699206163088 11 7.3e-3 0
3 5 0.05 11 0 100000011 68978 0.0006897799241242083 11 7.5e-3 0
3 6 0.05 11 0 100000011 68809 0.0006880899243101083 11 7.5e-3 0
3 7 0.05 11 0 100000011 67546 0.0006754599256994082 11 7.5e-3 0
3 8 0.05 11 0 100000011 66874 0.0006687399264386081 11 7.6e-3 0
3 9 0.05 11 0 100000011 67099 0.0006709899261911082 11 7.6e-3 0
3 10 0.05 11 0 100000011 66609 0.000666089926730108 11 7.6e-3 0
3 11 0.05 11 0 100000011 66859 0.0006685899264551081 11 7.6e-3 0
3 12 0.05 11 0 100000011 66337 0.000663369927029308 11 7.6e-3 0
3 13 0.05 11 0 100000011 66555 0.0006655499267895081 11 7.6e-3 0
3 14 0.05 11 0 100000011 66151 0.000661509927233908 11 7.6e-3 0
3 15 0.05 11 0 100000011 66114 0.000661139927274608 11 7.6e-3 0
4 0 0.05 11 0 100000011 82077 0.00082076990971531 11 6.8e-3 0
4 1 0.05 11 0 100000011 82392 0.00082391990936881 11 6.8e-3 0
4 2 0.05 11 0 100000011 82196 0.00082195990958441 11 6.8e-3 0
4 3 0.05 11 0 100000011 72484 0.0007248399202676088 11 7.3e-3 0
4 4 0.05 11 0 100000011 72864 0.0007286399198496088 11 7.3e-3 0
4 5 0.05 11 0 100000011 68329 0.0006832899248381082 11 7.5e-3 0
4 6 0.05 11 0 100000011 68620 0.0006861999245180083 11 7.5e-3 0
4 7 0.05 11 0 100000011 67920 0.0006791999252880082 11 7.5e-3 0
4 8 0.05 11 0 100000011 67638 0.0006763799255982082 11 7.5e-3 0
4 9 0.05 11 0 100000011 66586 0.0006658599267554081 11 7.6e-3 0
4 10 0.05 11 0 100000011 66473 0.000664729926879708 11 7.6e-3 0
4 11 0.05 11 0 100000011 66029 0.000660289927368108 11 7.6e-3 0
4 12 0.05 11 0 100000011 66623 0.0006662299267147081 11 7.6e-3 0
4 13 0.05 11 0 100000011 66359 0.000663589927005108 11 7.6e-3 0
4 14 0.05 11 0 100000011 65978 0.000659779927424208 11 7.6e-3 0
4 15 0.05 11 0 100000011 65900 0.000658999927510008 11 7.6e-3 0
5 0 0.05 11 0 100000011 82226 0.00082225990955141 11 6.8e-3 0
5 1 0.05 11 0 100000011 82350 0.00082349990941501 11 6.8e-3 0
5 2 0.05 11 0 100000011 82295 0.00082294990947551 11 6.8e-3 0
5 3 0.05 11 0 100000011 72418 0.0007241799203402088 11 7.3e-3 0
5 4 0.05 11 0 100000011 72561 0.0007256099201829088 11 7.3e-3 0
5 5 0.05 11 0 100000011 69294 0.0006929399237766084 11 7.4e-3 0
5 6 0.05 11 0 100000011 68377 0.0006837699247853083 11 7.5e-3 0
5 7 0.05 11 0 100000011 67364 0.0006736399258996081 11 7.5e-3 0
5 8 0.05 11 0 100000011 67474 0.0006747399257786081 11 7.5e-3 0
5 9 0.05 11 0 100000011 66134 0.000661339927252608 11 7.6e-3 0
5 10 0.05 11 0 100000011 66588 0.0006658799267532081 11 7.6e-3 0
5 11 0.05 11 0 100000011 66467 0.000664669926886308 11 7.6e-3 0
5 12 0.05 11 0 100000011 66598 0.0006659799267422081 11 7.6e-3 0
5 13 0.05 11 0 100000011 66628 0.000666279926709208 11 7.6e-3 0
5 14 0.05 11 0 100000011 66216 0.000662159927162408 11 7.6e-3 0
5 15 0.05 11 0 100000011 66208 0.000662079927171208 11 7.6e-3 0
6 0 0.05 11 0 100000011 82884 0.00082883990882761 11 6.8e-3 0
6 1 0.05 11 0 100000011 82203 0.0008220299095767099 11 6.8e-3 0
6 2 0.05 11 0 100000011 82001 0.0008200099097989099 11 6.8e-3 0
6 3 0.05 11 0 100000011 72667 0.0007266699200663088 11 7.3e-3 0
6 4 0.05 11 0 100000011 72192 0.0007219199205888088 11 7.3e-3 0
6 5 0.05 11 0 100000011 68541 0.0006854099246049083 11 7.5e-3 0
6 6 0.05 11 0 100000011 69049 0.0006904899240461084 11 7.5e-3 0
6 7 0.05 11 0 100000011 67670 0.0006766999255630082 11 7.5e-3 0
6 8 0.05 11 0 100000011 67184 0.0006718399260976081 11 7.6e-3 0
6 9 0.05 11 0 100000011 66859 0.0006685899264551081 11 7.6e-3 0
6 10 0.05 11 0 100000011 66654 0.0006665399266806081 11 7.6e-3 0
6 11 0.05 11 0 100000011 66379 0.000663789926983108 11 7.6e-3 0
6 12 0.05 11 0 100000011 66851 0.000668509926463908 11 7.6e-3 0
6 13 0.05 11 0 100000011 66087 0.000660869927304308 11 7.6e-3 0
6 14 0.05 11 0 100000011 66817 0.0006681699265013081 11 7.6e-3 0
6 15 0.05 11 0 100000011 66503 0.000665029926846708 11 7.6e-3 0
7 0 0.05 11 0 100000011 82551 0.00082550990919391 11 6.8e-3 0
7 1 0.05 11 0 100000011 82203 0.0008220299095767099 11 6.8e-3 0
7 2 0.05 11 0 100000011 82179 0.0008217899096031099 11 6.8e-3 0
7 3 0.05 11 0 100000011 72612 0.0007261199201268087 11 7.3e-3 0
7 4 0.05 11 0 100000011 72395 0.0007239499203655087 11 7.3e-3 0
7 5 0.05 11 0 100000011 69032 0.0006903199240648084 11 7.5e-3 0
7 6 0.05 11 0 100000011 68378 0.0006837799247842082 11 7.5e-3 0
7 7 0.05 11 0 100000011 67194 0.0006719399260866081 11 7.6e-3 0
7 8 0.05 11 0 100000011 67828 0.0006782799253892082 11 7.5e-3 0
7 9 0.05 11 0 100000011 67028 0.0006702799262692081 11 7.6e-3 0
7 10 0.05 11 0 100000011 67129 0.0006712899261581081 11 7.6e-3 0
7 11 0.05 11 0 100000011 66204 0.000662039927175608 11 7.6e-3 0
7 12 0.05 11 0 100000011 66960 0.0006695999263440081 11 7.6e-3 0
7 13 0.05 11 0 100000011 66208 0.000662079927171208 11 7.6e-3 0
7 14 0.05 11 0 100000011 66311 0.000663109927057908 11 7.6e-3 0
7 15 0.05 11 0 100000011 66072 0.000660719927320808 11 7.6e-3 0
8 0 0.05 11 0 100000011 82450 0.00082449990930501 11 6.8e-3 0
8 1 0.05 11 0 100000011 82384 0.0008238399093776099 11 6.8e-3 0
8 2 0.05 11 0 100000011 82605 0.00082604990913451 11 6.8e-3 0
8 3 0.05 11 0 100000011 72676 0.0007267599200564088 11 7.3e-3 0
8 4 0.05 11 0 100000011 72226 0.0007222599205514087 11 7.3e-3 0
8 5 0.05 11 0 100000011 68409 0.0006840899247501082 11 7.5e-3 0
8 6 0.05 11 0 100000011 68912 0.0006891199241968084 11 7.5e-3 0
8 7 0.05 11 0 100000011 67264 0.0006726399260096081 11 7.6e-3 0
8 8 0.05 11 0 100000011 67548 0.0006754799256972082 11 7.5e-3 0
8 9 0.05 11 0 100000011 66913 0.000669129926395708 11 7.6e-3 0
8 10 0.05 11 0 100000011 66590 0.000665899926751008 11 7.6e-3 0
8 11 0.05 11 0 100000011 66711 0.0006671099266179081 11 7.6e-3 0
8 12 0.05 11 0 100000011 66567 0.0006656699267763081 11 7.6e-3 0
8 13 0.05 11 0 100000011 66033 0.000660329927363708 11 7.6e-3 0
8 14 0.05 11 0 100000011 66313 0.0006631299270557081 11 7.6e-3 0
8 15 0.05 11 0 100000011 65709 0.0006570899277201079 11 7.6e-3 0
10 0 0.05 11 0 100000011 81913 0.0008191299098957099 11 6.8e-3 0
10 1 0.05 11 0 100000011 82079 0.0008207899097131099 11 6.8e-3 0
10 2 0.05 11 0 100000011 81965 0.00081964990983851 11 6.8e-3 0
10 3 0.05 11 0 100000011 72225 0.0007222499205525088 11 7.3e-3 0
10 4 0.05 11 0 100000011 71954 0.0007195399208506087 11 7.3e-3 0
10 5 0.05 11 0 100000011 69025 0.0006902499240725084 11 7.5e-3 0
10 6 0.05 11 0 100000011 68919 0.0006891899241891084 11 7.5e-3 0
10 7 0.05 11 0 100000011 67137 0.0006713699261493081 11 7.6e-3 0
10 8 0.05 11 0 100000011 67414 0.0006741399258446082 11 7.5e-3 0
10 9 0.05 11 0 100000011 67169 0.0006716899261141081 11 7.6e-3 0
10 10 0.05 11 0 100000011 67073 0.0006707299262197081 11 7.6e-3 0
10 11 0.05 11 0 100000011 66479 0.000664789926873108 11 7.6e-3 0
10 12 0.05 11 0 100000011 66639 0.000666389926697108 11 7.6e-3 0
10 13 0.05 11 0 100000011 66409 0.000664089926950108 11 7.6e-3 0
10 14 0.05 11 0 100000011 66414 0.000664139926944608 11 7.6e-3 0
10 15 0.05 11 0 100000011 65849 0.000658489927566108 11 7.6e-3 0
12 0 0.05 11 0 100000011 82354 0.0008235399094106099 11 6.8e-3 0
12 1 0.05 11 0 100000011 82405 0.00082404990935451 11 6.8e-3 0
12 2 0.05 11 0 100000011 82242 0.0008224199095338099 11 6.8e-3 0
12 3 0.05 11 0 100000011 72984 0.0007298399197176089 11 7.3e-3 0
12 4 0.05 11 0 100000011 72385 0.0007238499203765088 11 7.3e-3 0
12 5 0.05 11 0 100000011 68720 0.0006871999244080084 11 7.5e-3 0
12 6 0.05 11 0 100000011 68762 0.0006876199243618083 11 7.5e-3 0
12 7 0.05 11 0 100000011 67194 0.0006719399260866081 11 7.6e-3 0
12 8 0.05 11 0 100000011 67681 0.0006768099255509082 11 7.5e-3 0
12 9 0.05 11 0 100000011 67142 0.0006714199261438082 11 7.6e-3 0
12 10 0.05 11 0 100000011 67221 0.0006722099260569081 11 7.6e-3 0
12 11 0.05 11 0 100000011 66691 0.0006669099266399081 11 7.6e-3 0
12 12 0.05 11 0 100000011 66657 0.000666569926677308 11 7.6e-3 0
12 13 0.05 11 0 100000011 66628 0.000666279926709208 11 7.6e-3 0
12 14 0.05 11 0 100000011 66558 0.000665579926786208 11 7.6e-3 0
12 15 0.05 11 0 100000011 66120 0.000661199927268008 11 7.6e-3 0
14 0 0.05 11 0 100000011 82099 0.0008209899096911099 11 6.8e-3 0
14 1 0.05 11 0 100000011 82558 0.0008255799091862099 11 6.8e-3 0
14 2 0.05 11 0 100000011 81785 0.0008178499100365098 11 6.9e-3 0
14 3 0.05 11 0 100000011 72503 0.0007250299202467088 11 7.3e-3 0
14 4 0.05 11 0 100000011 72430 0.0007242999203270088 11 7.3e-3 0
14 5 0.05 11 0 100000011 68780 0.0006877999243420083 11 7.5e-3 0
14 6 0.05 11 0 100000011 68470 0.0006846999246830083 11 7.5e-3 0
14 7 0.05 11 0 100000011 67021 0.0006702099262769081 11 7.6e-3 0
14 8 0.05 11 0 100000011 67573 0.0006757299256697082 11 7.5e-3 0
14 9 0.05 11 0 100000011 67597 0.0006759699256433082 11 7.5e-3 0
14 10 0.05 11 0 100000011 66704 0.0006670399266256081 11 7.6e-3 0
14 11 0.05 11 0 100000011 66663 0.000666629926670708 11 7.6e-3 0
14 12 0.05 11 0 100000011 66314 0.000663139927054608 11 7.6e-3 0
14 13 0.05 11 0 100000011 66271 0.000662709927101908 11 7.6e-3 0
14 14 0.05 11 0 100000011 66246 0.000662459927129408 11 7.6e-3 0
14 15 0.05 11 0 100000011 66664 0.000666639926669608 11 7.6e-3 0
16 0 0.05 11 0 100000011 82560 0.00082559990918401 11 6.8e-3 0
16 1 0.05 11 0 100000011 82174 0.0008217399096086099 11 6.8e-3 0
16 2 0.05 11 0 100000011 81896 0.00081895990991441 11 6.8e-3 0
16 3 0.05 11 0 100000011 72374 0.0007237399203886088 11 7.3e-3 0
16 4 0.05 11 0 100000011 72428 0.0007242799203292088 11 7.3e-3 0
16 5 0.05 11 0 100000011 69208 0.0006920799238712083 11 7.4e-3 0
16 6 0.05 11 0 100000011 68820 0.0006881999242980084 11 7.5e-3 0
16 7 0.05 11 0 100000011 67752 0.0006775199254728082 11 7.5e-3 0
16 8 0.05 11 0 100000011 67928 0.0006792799252792083 11 7.5e-3 0
16 9 0.05 11 0 100000011 67137 0.0006713699261493081 11 7.6e-3 0
16 10 0.05 11 0 100000011 66668 0.0006666799266652081 11 7.6e-3 0
16 11 0.05 11 0 100000011 66507 0.0006650699268423081 11 7.6e-3 0
16 12 0.05 11 0 100000011 66684 0.0006668399266476081 11 7.6e-3 0
16 13 0.05 11 0 100000011 66620 0.000666199926718008 11 7.6e-3 0
16 14 0.05 11 0 100000011 66365 0.000663649926998508 11 7.6e-3 0
16 15 0.05 11 0 100000011 66464 0.000664639926889608 11 7.6e-3 0
20 0 0.05 11 0 100000011 82392 0.00082391990936881 11 6.8e-3 0
20 1 0.05 11 0 100000011 81930 0.0008192999098770099 11 6.8e-3 0
20 2 0.05 11 0 100000011 82762 0.00082761990896181 11 6.8e-3 0
20 3 0.05 11 0 100000011 72283 0.0007228299204887087 11 7.3e-3 0
20 4 0.05 11 0 100000011 73001 0.0007300099196989088 11 7.3e-3 0
20 5 0.05 11 0 100000011 68987 0.0006898699241143084 11 7.5e-3 0
20 6 0.05 11 0 100000011 68482 0.0006848199246698083 11 7.5e-3 0
20 7 0.05 11 0 100000011 67002 0.0006700199262978081 11 7.6e-3 0
20 8 0.05 11 0 100000011 67731 0.0006773099254959082 11 7.5e-3 0
20 9 0.05 11 0 100000011 67025 0.0006702499262725081 11 7.6e-3 0
20 10 0.05 11 0 100000011 66917 0.0006691699263913081 11 7.6e-3 0
20 11 0.05 11 0 100000011 66883 0.0006688299264287081 11 7.6e-3 0
20 12 0.05 11 0 100000011 66522 0.000665219926825808 11 7.6e-3 0
20 13 0.05 11 0 100000011 66681 0.0006668099266509081 11 7.6e-3 0
20 14 0.05 11 0 100000011 66145 0.000661449927240508 11 7.6e-3 0
20 15 0.05 11 0 100000011 66099 0.000660989927291108 11 7.6e-3 0
24 0 0.05 11 0 100000011 81768 0.0008176799100552099 11 6.9e-3 0
24 1 0.05 11 0 100000011 82082 0.00082081990970981 11 6.8e-3 0
24 2 0.05 11 0 100000011 82145 0.00082144990964051 11 6.8e-3 0
24 3 0.05 11 0 100000011 72473 0.0007247299202797088 11 7.3e-3 0
24 4 0.05 11 0 100000011 72023 0.0007202299207747087 11 7.3e-3 0
24 5 0.05 11 0 100000011 68629 0.0006862899245081083 11 7.5e-3 0
24 6 0.05 11 0 100000011 68887 0.0006888699242243084 11 7.5e-3 0
24 7 0.05 11 0 100000011 66861 0.0006686099264529081 11 7.6e-3 0
24 8 0.05 11 0 100000011 67159 0.0006715899261251081 11 7.6e-3 0
24 9 0.05 11 0 100000011 66937 0.0006693699263693081 11 7.6e-3 0
24 10 0.05 11 0 100000011 67165 0.0006716499261185081 11 7.6e-3 0
24 11 0.05 11 0 100000011 66192 0.000661919927188808 11 7.6e-3 0
24 12 0.05 11 0 100000011 66652 0.000666519926682808 11 7.6e-3 0
24 13 0.05 11 0 100000011 66438 0.0006643799269182081 11 7.6e-3 0
24 14 0.05 11 0 100000011 66869 0.000668689926444108 11 7.6e-3 0
24 15 0.05 11 0 100000011 66226 0.0006622599271514081 11 7.6e-3 0
28 0 0.05 11 0 100000011 82003 0.0008200299097967099 11 6.8e-3 0
28 1 0.05 11 0 100000011 82538 0.00082537990920821 11 6.8e-3 0
28 2 0.05 11 0 100000011 82314 0.00082313990945461 11 6.8e-3 0
28 3 0.05 11 0 100000011 72477 0.0007247699202753088 11 7.3e-3 0
28 4 0.05 11 0 100000011 72430 0.0007242999203270088 11 7.3e-3 0
28 5 0.05 11 0 100000011 68640 0.0006863999244960083 11 7.5e-3 0
28 6 0.05 11 0 100000011 68697 0.0006869699244333083 11 7.5e-3 0
28 7 0.05 11 0 100000011 67424 0.0006742399258336081 11 7.5e-3 0
28 8 0.05 11 0 100000011 67454 0.0006745399258006082 11 7.5e-3 0
28 9 0.05 11 0 100000011 66835 0.0006683499264815081 11 7.6e-3 0
28 10 0.05 11 0 100000011 66321 0.000663209927046908 11 7.6e-3 0
28 11 0.05 11 0 100000011 66637 0.0006663699266993081 11 7.6e-3 0
28 12 0.05 11 0 100000011 66333 0.000663329927033708 11 7.6e-3 0
28 13 0.05 11 0 100000011 66399 0.000663989926961108 11 7.6e-3 0
28 14 0.05 11 0 100000011 66190 0.000661899927191008 11 7.6e-3 0
28 15 0.05 11 0 100000011 66035 0.000660349927361508 11 7.6e-3 0
32 0 0.05 11 0 100000011 82742 0.00082741990898381 11 6.8e-3 0
32 1 0.05 11 0 100000011 82367 0.00082366990939631 11 6.8e-3 0
32 2 0.05 11 0 100000011 82012 0.0008201199097868099 11 6.8e-3 0
32 3 0.05 11 0 100000011 72247 0.0007224699205283087 11 7.3e-3 0
32 4 0.05 11 0 100000011 72279 0.0007227899204931088 11 7.3e-3 0
32 5 0.05 11 0 100000011 68503 0.0006850299246467082 11 7.5e-3 0
32 6 0.05 11 0 100000011 68550 0.0006854999245950083 11 7.5e-3 0
32 7 0.05 11 0 100000011 67442 0.0006744199258138082 11 7.5e-3 0
32 8 0.05 11 0 100000011 67970 0.0006796999252330082 11 7.5e-3 0
32 9 0.05 11 0 100000011 67109 0.0006710899261801081 11 7.6e-3 0
32 10 0.05 11 0 100000011 67192 0.0006719199260888082 11 7.6e-3 0
32 11 0.05 11 0 100000011 66623 0.0006662299267147081 11 7.6e-3 0
32 12 0.05 11 0 100000011 66385 0.000663849926976508 11 7.6e-3 0
32 13 0.05 11 0 100000011 66495 0.000664949926855508 11 7.6e-3 0
32 14 0.05 11 0 100000011 66492 0.0006649199268588081 11 7.6e-3 0
32 15 0.05 11 0 100000011 66108 0.0006610799272812079 11 7.6e-3 0
64 0 0.05 11 0 100000011 82293 0.00082292990947771 11 6.8e-3 0
64 1 0.05 11 0 100000011 82526 0.00082525990922141 11 6.8e-3 0
64 2 0.05 11 0 100000011 82018 0.0008201799097802099 11 6.8e-3 0
64 3 0.05 11 0 100000011 72264 0.0007226399205096087 11 7.3e-3 0
64 4 0.05 11 0 100000011 72517 0.0007251699202313088 11 7.3e-3 0
64 5 0.05 11 0 100000011 68741 0.0006874099243849083 11 7.5e-3 0
64 6 0.05 11 0 100000011 68757 0.0006875699243673084 11 7.5e-3 0
64 7 0.05 11 0 100000011 67500 0.0006749999257500081 11 7.5e-3 0
64 8 0.05 11 0 100000011 67378 0.0006737799258842082 11 7.5e-3 0
64 9 0.05 11 0 100000011 66506 0.0006650599268434081 11 7.6e-3 0
64 10 0.05 11 0 100000011 66859 0.0006685899264551081 11 7.6e-3 0
64 11 0.05 11 0 100000011 66067 0.000660669927326308 11 7.6e-3 0
64 12 0.05 11 0 100000011 66563 0.0006656299267807081 11 7.6e-3 0
64 13 0.05 11 0 100000011 66460 0.000664599926894008 11 7.6e-3 0
64 14 0.05 11 0 100000011 66290 0.000662899927081008 11 7.6e-3 0
64 15 0.05 11 0 100000011 66081 0.000660809927310908 11 7.6e-3 0
128 0 0.05 11 0 100000011 82140 0.00082139990964601 11 6.8e-3 0
128 1 0.05 11 0 100000011 82111 0.0008211099096779099 11 6.8e-3 0
128 2 0.05 11 0 100000011 81776 0.0008177599100464099 11 6.9e-3 0
128 3 0.05 11 0 100000011 72565 0.0007256499201785088 11 7.3e-3 0
128 4 0.05 11 0 100000011 72546 0.0007254599201994088 11 7.3e-3 0
128 5 0.05 11 0 100000011 68876 0.0006887599242364084 11 7.5e-3 0
128 6 0.05 11 0 100000011 68936 0.0006893599241704083 11 7.5e-3 0
128 7 0.05 11 0 100000011 67966 0.0006796599252374083 11 7.5e-3 0
128 8 0.05 11 0 100000011 67077 0.0006707699262153081 11 7.6e-3 0
128 9 0.05 11 0 100000011 66693 0.0006669299266377081 11 7.6e-3 0
128 10 0.05 11 0 100000011 66618 0.0006661799267202081 11 7.6e-3 0
128 11 0.05 11 0 100000011 66907 0.0006690699264023081 11 7.6e-3 0
128 12 0.05 11 0 100000011 66210 0.000662099927169008 11 7.6e-3 0
128 13 0.05 11 0 100000011 66757 0.000667569926567308 11 7.6e-3 0
128 14 0.05 11 0 100000011 66359 0.000663589927005108 11 7.6e-3 0
128 15 0.05 11 0 100000011 66323 0.000663229927044708 11 7.6e-3 0
256 0 0.05 11 0 100000011 82580 0.00082579990916201 11 6.8e-3 0
256 1 0.05 11 0 100000011 82306 0.00082305990946341 11 6.8e-3 0
256 2 0.05 11 0 100000011 82170 0.00082169990961301 11 6.8e-3 0
256 3 0.05 11 0 100000011 72024 0.0007202399207736087 11 7.3e-3 0
256 4 0.05 11 0 100000011 72160 0.0007215999206240087 11 7.3e-3 0
256 5 0.05 11 0 100000011 68350 0.0006834999248150083 11 7.5e-3 0
256 6 0.05 11 0 100000011 69247 0.0006924699238283084 11 7.4e-3 0
256 7 0.05 11 0 100000011 67665 0.0006766499255685082 11 7.5e-3 0
256 8 0.05 11 0 100000011 67329 0.0006732899259381082 11 7.6e-3 0
256 9 0.05 11 0 100000011 66950 0.000669499926355008 11 7.6e-3 0
256 10 0.05 11 0 100000011 66457 0.0006645699268973081 11 7.6e-3 0
256 11 0.05 11 0 100000011 66631 0.0006663099267059081 11 7.6e-3 0
256 12 0.05 11 0 100000011 66989 0.0006698899263121081 11 7.6e-3 0
256 13 0.05 11 0 100000011 66415 0.000664149926943508 11 7.6e-3 0
256 14 0.05 11 0 100000011 66115 0.000661149927273508 11 7.6e-3 0
256 15 0.05 11 0 100000011 65944 0.000659439927461608 11 7.6e-3 0
512 0 0.05 11 0 100000011 82380 0.00082379990938201 11 6.8e-3 0
512 1 0.05 11 0 100000011 82045 0.00082044990975051 11 6.8e-3 0
512 2 0.05 11 0 100000011 82212 0.00082211990956681 11 6.8e-3 0
512 3 0.05 11 0 100000011 72931 0.0007293099197759088 11 7.3e-3 0
512 4 0.05 11 0 100000011 72688 0.0007268799200432088 11 7.3e-3 0
512 5 0.05 11 0 100000011 68724 0.0006872399244036083 11 7.5e-3 0
512 6 0.05 11 0 100000011 69297 0.0006929699237733084 11 7.4e-3 0
512 7 0.05 11 0 100000011 67132 0.0006713199261548081 11 7.6e-3 0
512 8 0.05 11 0 100000011 67576 0.0006757599256664082 11 7.5e-3 0
512 9 0.05 11 0 100000011 66411 0.000664109926947908 11 7.6e-3 0
512 10 0.05 11 0 100000011 66943 0.0006694299263627081 11 7.6e-3 0
512 11 0.05 11 0 100000011 66627 0.000666269926710308 11 7.6e-3 0
512 12 0.05 11 0 100000011 66629 0.0006662899267081081 11 7.6e-3 0
512 13 0.05 11 0 100000011 66199 0.000661989927181108 11 7.6e-3 0
512 14 0.05 11 0 100000011 66090 0.000660899927301008 11 7.6e-3 0
512 15 0.05 11 0 100000011 66182 0.000661819927199808 11 7.6e-3 0
1024 0 0.05 11 0 100000011 82507 0.00082506990924231 11 6.8e-3 0
1024 1 0.05 11 0 100000011 82261 0.0008226099095129099 11 6.8e-3 0
1024 2 0.05 11 0 100000011 82458 0.00082457990929621 11 6.8e-3 0
1024 3 0.05 11 0 100000011 72617 0.0007261699201213088 11 7.3e-3 0
1024 4 0.05 11 0 100000011 72493 0.0007249299202577088 11 7.3e-3 0
1024 5 0.05 11 0 100000011 68967 0.0006896699241363083 11 7.5e-3 0
1024 6 0.05 11 0 100000011 68597 0.0006859699245433083 11 7.5e-3 0
1024 7 0.05 11 0 100000011 67629 0.0006762899256081082 11 7.5e-3 0
1024 8 0.05 11 0 100000011 67507 0.0006750699257423082 11 7.5e-3 0
1024 9 0.05 11 0 100000011 67271 0.0006727099260019081 11 7.6e-3 0
1024 10 0.05 11 0 100000011 66418 0.0006641799269402081 11 7.6e-3 0
1024 11 0.05 11 0 100000011 66756 0.0006675599265684081 11 7.6e-3 0
1024 12 0.05 11 0 100000011 65951 0.000659509927453908 11 7.6e-3 0
1024 13 0.05 11 0 100000011 66101 0.000661009927288908 11 7.6e-3 0
1024 14 0.05 11 0 100000011 66350 0.0006634999270150081 11 7.6e-3 0
1024 15 0.05 11 0 100000011 66150 0.000661499927235008 11 7.6e-3 0
