# <max_half_weight> <max_tree_size> ...
1 0 0.05 13 0 100000011 28916 0.0002891599681924035 13 1.2e-2 0
1 1 0.05 13 0 100000011 28916 0.0002891599681924035 13 1.2e-2 0
1 2 0.05 13 0 100000011 28999 0.0002899899681011035 13 1.2e-2 0
1 3 0.05 13 0 100000011 24857 0.00024856997265730303 13 1.2e-2 0
1 4 0.05 13 0 100000011 24773 0.00024772997274970297 13 1.2e-2 0
1 5 0.05 13 0 100000011 23146 0.0002314599745394028 13 1.3e-2 0
1 6 0.05 13 0 100000011 23408 0.00023407997425120284 13 1.3e-2 0
1 7 0.05 13 0 100000011 22688 0.00022687997504320273 13 1.3e-2 0
1 8 0.05 13 0 100000011 22339 0.0002233899754271027 13 1.3e-2 0
1 9 0.05 13 0 100000011 22170 0.0002216999756130027 13 1.3e-2 0
1 10 0.05 13 0 100000011 22452 0.00022451997530280272 13 1.3e-2 0
1 11 0.05 13 0 100000010 22214 0.00022213997778600223 13 1.3e-2 0
1 12 0.05 13 0 100000011 21927 0.00021926997588030266 13 1.3e-2 0
1 13 0.05 13 0 100000011 22222 0.00022221997555580268 13 1.3e-2 0
1 14 0.05 13 0 100000011 22072 0.00022071997572080268 13 1.3e-2 0
1 15 0.05 13 0 100000011 21782 0.00021781997603980265 13 1.3e-2 0
2 0 0.05 13 0 100000011 28967 0.0002896699681363035 13 1.2e-2 0
2 1 0.05 13 0 100000011 28754 0.0002875399683706035 13 1.2e-2 0
2 2 0.05 13 0 100000011 28748 0.0002874799683772035 13 1.2e-2 0
2 3 0.05 13 0 100000011 24704 0.000247039972825603 13 1.2e-2 0
2 4 0.05 13 0 100000011 24667 0.00024666997286630296 13 1.2e-2 0
2 5 0.05 13 0 100000011 22918 0.00022917997479020278 13 1.3e-2 0
2 6 0.05 13 0 100000011 22953 0.00022952997475170277 13 1.3e-2 0
2 7 0.05 13 0 100000011 22526 0.00022525997522140272 13 1.3e-2 0
2 8 0.05 13 0 100000011 22477 0.00022476997527530273 13 1.3e-2 0
2 9 0.05 13 0 100000011 22106 0.00022105997568340268 13 1.3e-2 0
2 10 0.05 13 0 100000011 22406 0.0002240599753534027 13 1.3e-2 0
2 11 0.05 13 0 100000011 22005 0.00022004997579450267 13 1.3e-2 0
2 12 0.05 13 0 100000011 21891 0.00021890997591990266 13 1.3e-2 0
2 13 0.05 13 0 100000011 22242 0.0002224199755338027 13 1.3e-2 0
2 14 0.05 13 0 100000011 21934 0.00021933997587260265 13 1.3e-2 0
2 15 0.05 13 0 100000011 22062 0.00022061997573180267 13 1.3e-2 0
3 0 0.05 13 0 100000011 28795 0.00028794996832550346 13 1.2e-2 0
3 1 0.05 13 0 100000011 29448 0.00029447996760720356 13 1.1e-2 0
3 2 0.05 13 0 100000011 29208 0.00029207996787120353 13 1.1e-2 0
3 3 0.05 13 0 100000011 24924 0.000249239972583603 13 1.2e-2 0
3 4 0.05 13 0 100000011 24605 0.00024604997293450296 13 1.2e-2 0
3 5 0.05 13 0 100000011 23267 0.00023266997440630281 13 1.3e-2 0
3 6 0.05 13 0 100000011 23320 0.00023319997434800282 13 1.3e-2 0
3 7 0.05 13 0 100000011 22356 0.0002235599754084027 13 1.3e-2 0
3 8 0.05 13 0 100000011 22543 0.00022542997520270272 13 1.3e-2 0
3 9 0.05 13 0 100000011 22318 0.0002231799754502027 13 1.3e-2 0
3 10 0.05 13 0 100000011 22416 0.00022415997534240271 13 1.3e-2 0
3 11 0.05 13 0 100000011 22099 0.00022098997569110267 13 1.3e-2 0
3 12 0.05 13 0 100000011 21957 0.00021956997584730265 13 1.3e-2 0
3 13 0.05 13 0 100000011 22027 0.00022026997577030265 13 1.3e-2 0
3 14 0.05 13 0 100000011 21947 0.00021946997585830266 13 1.3e-2 0
3 15 0.05 13 0 100000011 21757 0.00021756997606730264 13 1.3e-2 0
4 0 0.05 13 0 100000011 28754 0.0002875399683706035 13 1.2e-2 0
4 1 0.05 13 0 100000011 28966 0.0002896599681374035 13 1.2e-2 0
4 2 0.05 13 0 100000011 29166 0.00029165996791740356 13 1.1e-2 0
4 3 0.05 13 0 100000011 24561 0.00024560997298290295 13 1.3e-2 0
4 4 0.05 13 0 100000011 24709 0.000247089972820103 13 1.2e-2 0
4 5 0.05 13 0 100000011 23221 0.00023220997445690282 13 1.3e-2 0
4 6 0.05 13 0 100000011 23070 0.00023069997462300278 13 1.3e-2 0
4 7 0.05 13 0 100000011 22701 0.00022700997502890274 13 1.3e-2 0
4 8 0.05 13 0 100000011 22748 0.00022747997497720275 13 1.3e-2 0
4 9 0.05 13 0 100000011 22048 0.00022047997574720267 13 1.3e-2 0
4 10 0.05 13 0 100000011 21949 0.00021948997585610264 13 1.3e-2 0
4 11 0.05 13 0 100000011 21834 0.00021833997598260264 13 1.3e-2 0
4 12 0.05 13 0 100000011 22230 0.00022229997554700268 13 1.3e-2 0
4 13 0.05 13 0 100000011 21978 0.00021977997582420266 13 1.3e-2 0
4 14 0.05 13 0 100000011 21994 0.00021993997580660267 13 1.3e-2 0
4 15 0.05 13 0 100000011 21718 0.00021717997611020264 13 1.3e-2 0
5 0 0.05 13 0 100000011 28766 0.0002876599683574035 13 1.2e-2 0
5 1 0.05 13 0 100000011 28920 0.0002891999681880035 13 1.2e-2 0
5 2 0.05 13 0 100000011 29020 0.0002901999680780035 13 1.2e-2 0
5 3 0.05 13 0 100000011 24596 0.00024595997294440296 13 1.2e-2 0
5 4 0.05 13 0 100000011 24924 0.000249239972583603 13 1.2e-2 0
5 5 0.05 13 0 100000011 22893 0.00022892997481770277 13 1.3e-2 0
5 6 0.05 13 0 100000011 23015 0.0002301499746835028 13 1.3e-2 0
5 7 0.05 13 0 100000011 22767 0.00022766997495630276 13 1.3e-2 0
5 8 0.05 13 0 100000011 22488 0.00022487997526320273 13 1.3e-2 0
5 9 0.05 13 0 100000011 22009 0.00022008997579010266 13 1.3e-2 0
5 10 0.05 13 0 100000011 22337 0.00022336997542930271 13 1.3e-2 0
5 11 0.05 13 0 100000011 21820 0.00021819997599800263 13 1.3e-2 0
5 12 0.05 13 0 100000011 21864 0.00021863997594960265 13 1.3e-2 0
5 13 0.05 13 0 100000011 21800 0.00021799997602000264 13 1.3e-2 0
5 14 0.05 13 0 100000011 21620 0.00021619997621800263 13 1.3e-2 0
5 15 0.05 13 0 100000011 22244 0.00022243997553160269 13 1.3e-2 0
6 0 0.05 13 0 100000011 28952 0.0002895199681528035 13 1.2e-2 0
6 1 0.05 13 0 100000011 28938 0.0002893799681682035 13 1.2e-2 0
6 2 0.05 13 0 100000011 29022 0.00029021996807580353 13 1.2e-2 0
6 3 0.05 13 0 100000011 24467 0.000244669973086303 13 1.3e-2 0
6 4 0.05 13 0 100000011 24906 0.000249059972603403 13 1.2e-2 0
6 5 0.05 13 0 100000011 22938 0.00022937997476820277 13 1.3e-2 0
6 6 0.05 13 0 100000011 23151 0.0002315099745339028 13 1.3e-2 0
6 7 0.05 13 0 100000011 22182 0.00022181997559980268 13 1.3e-2 0
6 8 0.05 13 0 100000011 22521 0.00022520997522690274 13 1.3e-2 0
6 9 0.05 13 0 100000011 21988 0.00021987997581320265 13 1.3e-2 0
6 10 0.05 13 0 100000011 22209 0.0002220899755701027 13 1.3e-2 0
6 11 0.05 13 0 100000011 21722 0.00021721997610580263 13 1.3e-2 0
6 12 0.05 13 0 100000011 22039 0.00022038997575710267 13 1.3e-2 0
6 13 0.05 13 0 100000011 22038 0.00022037997575820266 13 1.3e-2 0
6 14 0.05 13 0 100000011 22176 0.0002217599756064027 13 1.3e-2 0
6 15 0.05 13 0 100000011 22248 0.0002224799755272027 13 1.3e-2 0
7 0 0.05 13 0 100000011 29192 0.0002919199678888035 13 1.1e-2 0
7 1 0.05 13 0 100000011 28817 0.00028816996830130346 13 1.2e-2 0
7 2 0.05 13 0 100000011 29034 0.0002903399680626035 13 1.2e-2 0
7 3 0.05 13 0 100000011 24643 0.00024642997289270297 13 1.2e-2 0
7 4 0.05 13 0 100000011 24700 0.000246999972830003 13 1.2e-2 0
7 5 0.05 13 0 100000011 23287 0.0002328699743843028 13 1.3e-2 0
7 6 0.05 13 0 100000011 22779 0.00022778997494310275 13 1.3e-2 0
7 7 0.05 13 0 100000011 22595 0.00022594997514550273 13 1.3e-2 0
7 8 0.05 13 0 100000011 22312 0.0002231199754568027 13 1.3e-2 0
7 9 0.05 13 0 100000011 22301 0.0002230099754689027 13 1.3e-2 0
7 10 0.05 13 0 100000011 21909 0.00021908997590010265 13 1.3e-2 0
7 11 0.05 13 0 100000011 22046 0.00022045997574940266 13 1.3e-2 0
7 12 0.05 13 0 100000011 21943 0.00021942997586270265 13 1.3e-2 0
7 13 0.05 13 0 100000011 22010 0.00022009997578900265 13 1.3e-2 0
7 14 0.05 13 0 100000011 21820 0.00021819997599800263 13 1.3e-2 0
7 15 0.05 13 0 100000011 21924 0.00021923997588360267 13 1.3e-2 0
8 0 0.05 13 0 100000011 28998 0.0002899799681022035 13 1.2e-2 0
8 1 0.05 13 0 100000011 28925 0.0002892499681825035 13 1.2e-2 0
8 2 0.05 13 0 100000011 28861 0.0002886099682529035 13 1.2e-2 0
8 3 0.05 13 0 100000011 24461 0.000244609973092903 13 1.3e-2 0
8 4 0.05 13 0 100000011 24831 0.000248309972685903 13 1.2e-2 0
8 5 0.05 13 0 100000011 23275 0.00023274997439750282 13 1.3e-2 0
8 6 0.05 13 0 100000011 23055 0.0002305499746395028 13 1.3e-2 0
8 7 0.05 13 0 100000011 22626 0.00022625997511140273 13 1.3e-2 0
8 8 0.05 13 0 100000011 22483 0.00022482997526870272 13 1.3e-2 0
8 9 0.05 13 0 100000011 22291 0.0002229099754799027 13 1.3e-2 0
8 10 0.05 13 0 100000011 22105 0.00022104997568450266 13 1.3e-2 0
8 11 0.05 13 0 100000011 22212 0.0002221199755668027 13 1.3e-2 0
8 12 0.05 13 0 100000011 22131 0.00022130997565590269 13 1.3e-2 0
8 13 0.05 13 0 100000011 22117 0.00022116997567130268 13 1.3e-2 0
8 14 0.05 13 0 100000011 21947 0.00021946997585830266 13 1.3e-2 0
8 15 0.05 13 0 100000011 21663 0.00021662997617070262 13 1.3e-2 0
10 0 0.05 13 0 100000011 28936 0.0002893599681704035 13 1.2e-2 0
10 1 0.05 13 0 100000011 29175 0.00029174996790750355 13 1.1e-2 0
10 2 0.05 13 0 100000011 28941 0.0002894099681649035 13 1.2e-2 0
10 3 0.05 13 0 100000011 25168 0.00025167997231520306 13 1.2e-2 0
10 4 0.05 13 0 100000011 25184 0.00025183997229760307 13 1.2e-2 0
10 5 0.05 13 0 100000011 23081 0.00023080997461090278 13 1.3e-2 0
10 6 0.05 13 0 100000011 23372 0.00023371997429080284 13 1.3e-2 0
10 7 0.05 13 0 100000011 22256 0.0002225599755184027 13 1.3e-2 0
10 8 0.05 13 0 100000011 22502 0.00022501997524780273 13 1.3e-2 0
10 9 0.05 13 0 100000011 22209 0.0002220899755701027 13 1.3e-2 0
10 10 0.05 13 0 100000011 22433 0.00022432997532370271 13 1.3e-2 0
10 11 0.05 13 0 100000011 21872 0.00021871997594080265 13 1.3e-2 0
10 12 0.05 13 0 100000011 21992 0.00021991997580880266 13 1.3e-2 0
10 13 0.05 13 0 100000011 21932 0.00021931997587480264 13 1.3e-2 0
10 14 0.05 13 0 100000011 21978 0.00021977997582420266 13 1.3e-2 0
10 15 0.05 13 0 100000011 21725 0.00021724997610250262 13 1.3e-2 0
12 0 0.05 13 0 100000011 28685 0.0002868499684465035 13 1.2e-2 0
12 1 0.05 13 0 100000011 29021 0.0002902099680769035 13 1.2e-2 0
12 2 0.05 13 0 100000011 29070 0.0002906999680230035 13 1.1e-2 0
12 3 0.05 13 0 100000011 24947 0.00024946997255830304 13 1.2e-2 0
12 4 0.05 13 0 100000011 24907 0.00024906997260230304 13 1.2e-2 0
12 5 0.05 13 0 100000011 23043 0.0002304299746527028 13 1.3e-2 0
12 6 0.05 13 0 100000011 23092 0.0002309199745988028 13 1.3e-2 0
12 7 0.05 13 0 100000011 22468 0.00022467997528520273 13 1.3e-2 0
12 8 0.05 13 0 100000011 22506 0.00022505997524340272 13 1.3e-2 0
12 9 0.05 13 0 100000011 21962 0.00021961997584180265 13 1.3e-2 0
12 10 0.05 13 0 100000011 22054 0.00022053997574060267 13 1.3e-2 0
12 11 0.05 13 0 100000011 22025 0.00022024997577250267 13 1.3e-2 0
12 12 0.05 13 0 100000011 21844 0.00021843997597160265 13 1.3e-2 0
12 13 0.05 13 0 100000011 21900 0.00021899997591000265 13 1.3e-2 0
12 14 0.05 13 0 100000011 22009 0.00022008997579010266 13 1.3e-2 0
12 15 0.05 13 0 100000011 21805 0.00021804997601450264 13 1.3e-2 0
14 0 0.05 13 0 100000011 28866 0.0002886599682474035 13 1.2e-2 0
14 1 0.05 13 0 100000011 29344 0.00029343996772160353 13 1.1e-2 0
14 2 0.05 13 0 100000011 29451 0.00029450996760390356 13 1.1e-2 0
14 3 0.05 13 0 100000011 24906 0.000249059972603403 13 1.2e-2 0
14 4 0.05 13 0 100000011 24765 0.000247649972758503 13 1.2e-2 0
14 5 0.05 13 0 100000011 22799 0.00022798997492110275 13 1.3e-2 0
14 6 0.05 13 0 100000011 22921 0.00022920997478690277 13 1.3e-2 0
14 7 0.05 13 0 100000011 22596 0.00022595997514440272 13 1.3e-2 0
14 8 0.05 13 0 100000011 22416 0.00022415997534240271 13 1.3e-2 0
14 9 0.05 13 0 100000011 21996 0.00021995997580440265 13 1.3e-2 0
14 10 0.05 13 0 100000011 21888 0.00021887997592320266 13 1.3e-2 0
14 11 0.05 13 0 100000011 21845 0.00021844997597050264 13 1.3e-2 0
14 12 0.05 13 0 100000011 22107 0.00022106997568230267 13 1.3e-2 0
14 13 0.05 13 0 100000011 21775 0.00021774997604750263 13 1.3e-2 0
14 14 0.05 13 0 100000011 21724 0.00021723997610360263 13 1.3e-2 0
14 15 0.05 13 0 100000011 21814 0.00021813997600460264 13 1.3e-2 0
16 0 0.05 13 0 100000011 29049 0.0002904899680461035 13 1.1e-2 0
16 1 0.05 13 0 100000011 28919 0.0002891899681891035 13 1.2e-2 0
16 2 0.05 13 0 100000011 28976 0.0002897599681264035 13 1.2e-2 0
16 3 0.05 13 0 100000011 24770 0.000247699972753003 13 1.2e-2 0
16 4 0.05 13 0 100000011 24719 0.000247189972809103 13 1.2e-2 0
16 5 0.05 13 0 100000011 22993 0.0002299299747077028 13 1.3e-2 0
16 6 0.05 13 0 100000011 23159 0.0002315899745251028 13 1.3e-2 0
16 7 0.05 13 0 100000011 22283 0.0002228299754887027 13 1.3e-2 0
16 8 0.05 13 0 100000011 22587 0.00022586997515430273 13 1.3e-2 0
16 9 0.05 13 0 100000011 22128 0.0002212799756592027 13 1.3e-2 0
16 10 0.05 13 0 100000011 22036 0.00022035997576040268 13 1.3e-2 0
16 11 0.05 13 0 100000011 21923 0.00021922997588470265 13 1.3e-2 0
16 12 0.05 13 0 100000011 21966 0.00021965997583740267 13 1.3e-2 0
16 13 0.05 13 0 100000011 21704 0.00021703997612560264 13 1.3e-2 0
16 14 0.05 13 0 100000011 21961 0.00021960997584290266 13 1.3e-2 0
16 15 0.05 13 0 100000011 21943 0.00021942997586270265 13 1.3e-2 0
20 0 0.05 13 0 100000011 29039 0.0002903899680571035 13 1.2e-2 0
20 1 0.05 13 0 100000011 28890 0.0002888999682210035 13 1.2e-2 0
20 2 0.05 13 0 100000011 28967 0.0002896699681363035 13 1.2e-2 0
20 3 0.05 13 0 100000011 24782 0.000247819972739803 13 1.2e-2 0
20 4 0.05 13 0 100000011 24734 0.000247339972792603 13 1.2e-2 0
20 5 0.05 13 0 100000011 23097 0.0002309699745933028 13 1.3e-2 0
20 6 0.05 13 0 100000011 22909 0.00022908997480010278 13 1.3e-2 0
20 7 0.05 13 0 100000011 22525 0.00022524997522250273 13 1.3e-2 0
20 8 0.05 13 0 100000011 22297 0.0002229699754733027 13 1.3e-2 0
20 9 0.05 13 0 100000011 22315 0.0002231499754535027 13 1.3e-2 0
20 10 0.05 13 0 100000011 22167 0.0002216699756163027 13 1.3e-2 0
20 11 0.05 13 0 100000011 22095 0.00022094997569550268 13 1.3e-2 0
20 12 0.05 13 0 100000011 21923 0.00021922997588470265 13 1.3e-2 0
20 13 0.05 13 0 100000011 22075 0.00022074997571750268 13 1.3e-2 0
20 14 0.05 13 0 100000011 21977 0.00021976997582530267 13 1.3e-2 0
20 15 0.05 13 0 100000011 21664 0.00021663997616960261 13 1.3e-2 0
24 0 0.05 13 0 100000011 28981 0.0002898099681209035 13 1.2e-2 0
24 1 0.05 13 0 100000011 29102 0.0002910199679878035 13 1.1e-2 0
24 2 0.05 13 0 100000011 29101 0.0002910099679889035 13 1.1e-2 0
24 3 0.05 13 0 100000011 25261 0.00025260997221290306 13 1.2e-2 0
24 4 0.05 13 0 100000011 24892 0.000248919972618803 13 1.2e-2 0
24 5 0.05 13 0 100000011 23011 0.00023010997468790278 13 1.3e-2 0
24 6 0.05 13 0 100000011 23031 0.00023030997466590278 13 1.3e-2 0
24 7 0.05 13 0 100000011 22510 0.00022509997523900273 13 1.3e-2 0
24 8 0.05 13 0 100000011 22603 0.00022602997513670274 13 1.3e-2 0
24 9 0.05 13 0 100000011 22463 0.00022462997529070272 13 1.3e-2 0
24 10 0.05 13 0 100000011 22233 0.00022232997554370268 13 1.3e-2 0
24 11 0.05 13 0 100000011 22006 0.00022005997579340267 13 1.3e-2 0
24 12 0.05 13 0 100000011 21988 0.00021987997581320265 13 1.3e-2 0
24 13 0.05 13 0 100000011 21992 0.00021991997580880266 13 1.3e-2 0
24 14 0.05 13 0 100000011 21835 0.00021834997598150265 13 1.3e-2 0
24 15 0.05 13 0 100000011 21954 0.00021953997585060265 13 1.3e-2 0
28 0 0.05 13 0 100000011 28804 0.0002880399683156035 13 1.2e-2 0
28 1 0.05 13 0 100000011 28885 0.0002888499682265035 13 1.2e-2 0
28 2 0.05 13 0 100000011 29021 0.0002902099680769035 13 1.2e-2 0
28 3 0.05 13 0 100000011 24924 0.000249239972583603 13 1.2e-2 0
28 4 0.05 13 0 100000011 24660 0.000246599972874003 13 1.2e-2 0
28 5 0.05 13 0 100000011 23052 0.0002305199746428028 13 1.3e-2 0
28 6 0.05 13 0 100000011 23020 0.00023019997467800277 13 1.3e-2 0
28 7 0.05 13 0 100000011 22274 0.0002227399754986027 13 1.3e-2 0
28 8 0.05 13 0 100000011 22266 0.0002226599755074027 13 1.3e-2 0
28 9 0.05 13 0 100000011 22352 0.0002235199754128027 13 1.3e-2 0
28 10 0.05 13 0 100000011 22200 0.00022199997558000267 13 1.3e-2 0
28 11 0.05 13 0 100000011 22089 0.00022088997570210268 13 1.3e-2 0
28 12 0.05 13 0 100000011 21857 0.00021856997595730263 13 1.3e-2 0
28 13 0.05 13 0 100000011 21834 0.00021833997598260264 13 1.3e-2 0
28 14 0.05 13 0 100000011 22052 0.00022051997574280266 13 1.3e-2 0
28 15 0.05 13 0 100000011 21777 0.00021776997604530264 13 1.3e-2 0
32 0 0.05 13 0 100000011 28927 0.0002892699681803035 13 1.2e-2 0
32 1 0.05 13 0 100000011 28927 0.0002892699681803035 13 1.2e-2 0
32 2 0.05 13 0 100000011 28928 0.0002892799681792035 13 1.2e-2 0
32 3 0.05 13 0 100000011 24812 0.000248119972706803 13 1.2e-2 0
32 4 0.05 13 0 100000011 24687 0.000246869972844303 13 1.2e-2 0
32 5 0.05 13 0 100000011 23450 0.00023449997420500285 13 1.3e-2 0
32 6 0.05 13 0 100000011 23049 0.0002304899746461028 13 1.3e-2 0
32 7 0.05 13 0 100000011 22281 0.0002228099754909027 13 1.3e-2 0
32 8 0.05 13 0 100000011 22505 0.00022504997524450273 13 1.3e-2 0
32 9 0.05 13 0 100000011 22055 0.00022054997573950266 13 1.3e-2 0
32 10 0.05 13 0 100000011 22351 0.00022350997541390272 13 1.3e-2 0
32 11 0.05 13 0 100000011 22033 0.00022032997576370268 13 1.3e-2 0
32 12 0.05 13 0 100000011 22212 0.0002221199755668027 13 1.3e-2 0
32 13 0.05 13 0 100000011 21867 0.00021866997594630264 13 1.3e-2 0
32 14 0.05 13 0 100000011 21956 0.00021955997584840266 13 1.3e-2 0
32 15 0.05 13 0 100000011 21983 0.00021982997581870267 13 1.3e-2 0
64 0 0.05 13 0 100000011 29044 0.00029043996805160353 13 1.1e-2 0
64 1 0.05 13 0 100000011 28902 0.0002890199682078035 13 1.2e-2 0
64 2 0.05 13 0 100000011 28768 0.00028767996835520347 13 1.2e-2 0
64 3 0.05 13 0 100000011 24872 0.000248719972640803 13 1.2e-2 0
64 4 0.05 13 0 100000011 24487 0.00024486997306430295 13 1.3e-2 0
64 5 0.05 13 0 100000011 23150 0.0002314999745350028 13 1.3e-2 0
64 6 0.05 13 0 100000011 23216 0.00023215997446240282 13 1.3e-2 0
64 7 0.05 13 0 100000011 22162 0.00022161997562180269 13 1.3e-2 0
64 8 0.05 13 0 100000011 22764 0.00022763997495960276 13 1.3e-2 0
64 9 0.05 13 0 100000011 22193 0.0002219299755877027 13 1.3e-2 0
64 10 0.05 13 0 100000011 21968 0.00021967997583520265 13 1.3e-2 0
64 11 0.05 13 0 100000011 21954 0.00021953997585060265 13 1.3e-2 0
64 12 0.05 13 0 100000011 21919 0.00021918997588910266 13 1.3e-2 0
64 13 0.05 13 0 100000011 22081 0.00022080997571090268 13 1.3e-2 0
64 14 0.05 13 0 100000011 21744 0.00021743997608160263 13 1.3e-2 0
64 15 0.05 13 0 100000011 21952 0.00021951997585280267 13 1.3e-2 0
128 0 0.05 13 0 100000011 29104 0.0002910399679856035 13 1.1e-2 0
128 1 0.05 13 0 100000011 28937 0.0002893699681693035 13 1.2e-2 0
128 2 0.05 13 0 100000011 28989 0.0002898899681121035 13 1.2e-2 0
128 3 0.05 13 0 100000011 24741 0.000247409972784903 13 1.2e-2 0
128 4 0.05 13 0 100000011 24731 0.000247309972795903 13 1.2e-2 0
128 5 0.05 13 0 100000011 23008 0.00023007997469120278 13 1.3e-2 0
128 6 0.05 13 0 100000011 23269 0.00023268997440410282 13 1.3e-2 0
128 7 0.05 13 0 100000011 22313 0.0002231299754557027 13 1.3e-2 0
128 8 0.05 13 0 100000011 22366 0.0002236599753974027 13 1.3e-2 0
128 9 0.05 13 0 100000011 22032 0.00022031997576480266 13 1.3e-2 0
128 10 0.05 13 0 100000011 22281 0.0002228099754909027 13 1.3e-2 0
128 11 0.05 13 0 100000011 22200 0.00022199997558000267 13 1.3e-2 0
128 12 0.05 13 0 100000011 22015 0.00022014997578350266 13 1.3e-2 0
128 13 0.05 13 0 100000011 21762 0.00021761997606180262 13 1.3e-2 0
128 14 0.05 13 0 100000011 22095 0.00022094997569550268 13 1.3e-2 0
128 15 0.05 13 0 100000011 21693 0.00021692997613770263 13 1.3e-2 0
256 0 0.05 13 0 100000011 28945 0.0002894499681605035 13 1.2e-2 0
256 1 0.05 13 0 100000011 28859 0.0002885899682551035 13 1.2e-2 0
256 2 0.05 13 0 100000011 29031 0.0002903099680659035 13 1.2e-2 0
256 3 0.05 13 0 100000011 25187 0.00025186997229430306 13 1.2e-2 0
256 4 0.05 13 0 100000011 24975 0.00024974997252750304 13 1.2e-2 0
256 5 0.05 13 0 100000011 23019 0.00023018997467910278 13 1.3e-2 0
256 6 0.05 13 0 100000011 23173 0.0002317299745097028 13 1.3e-2 0
256 7 0.05 13 0 100000011 22375 0.0002237499753875027 13 1.3e-2 0
256 8 0.05 13 0 100000011 22368 0.00022367997539520271 13 1.3e-2 0
256 9 0.05 13 0 100000011 22260 0.0002225999755140027 13 1.3e-2 0
256 10 0.05 13 0 100000011 22100 0.00022099997569000268 13 1.3e-2 0
256 11 0.05 13 0 100000011 22156 0.0002215599756284027 13 1.3e-2 0
256 12 0.05 13 0 100000011 22216 0.00022215997556240268 13 1.3e-2 0
256 13 0.05 13 0 100000011 21986 0.00021985997581540267 13 1.3e-2 0
256 14 0.05 13 0 100000011 22285 0.0002228499754865027 13 1.3e-2 0
256 15 0.05 13 0 100000011 21889 0.00021888997592210265 13 1.3e-2 0
512 0 0.05 13 0 100000011 29245 0.00029244996783050353 13 1.1e-2 0
512 1 0.05 13 0 100000011 28903 0.0002890299682067035 13 1.2e-2 0
512 2 0.05 13 0 100000011 28917 0.0002891699681913035 13 1.2e-2 0
512 3 0.05 13 0 100000011 24723 0.000247229972804703 13 1.2e-2 0
512 4 0.05 13 0 100000011 24880 0.000248799972632003 13 1.2e-2 0
512 5 0.05 13 0 100000011 23226 0.0002322599744514028 13 1.3e-2 0
512 6 0.05 13 0 100000011 23242 0.0002324199744338028 13 1.3e-2 0
512 7 0.05 13 0 100000011 22345 0.0002234499754205027 13 1.3e-2 0
512 8 0.05 13 0 100000011 22520 0.00022519997522800272 13 1.3e-2 0
512 9 0.05 13 0 100000011 22218 0.0002221799755602027 13 1.3e-2 0
512 10 0.05 13 0 100000011 22481 0.00022480997527090271 13 1.3e-2 0
512 11 0.05 13 0 100000011 21977 0.00021976997582530267 13 1.3e-2 0
512 12 0.05 13 0 100000011 21694 0.00021693997613660262 13 1.3e-2 0
512 13 0.05 13 0 100000011 21773 0.00021772997604970262 13 1.3e-2 0
512 14 0.05 13 0 100000011 21967 0.00021966997583630266 13 1.3e-2 0
512 15 0.05 13 0 100000011 22107 0.00022106997568230267 13 1.3e-2 0
1024 0 0.05 13 0 100000011 28997 0.0002899699681033035 13 1.2e-2 0
1024 1 0.05 13 0 100000011 29097 0.00029096996799330354 13 1.1e-2 0
1024 2 0.05 13 0 100000011 29109 0.00029108996798010353 13 1.1e-2 0
1024 3 0.05 13 0 100000011 24698 0.000246979972832203 13 1.2e-2 0
1024 4 0.05 13 0 100000011 24686 0.00024685997284540297 13 1.2e-2 0
1024 5 0.05 13 0 100000011 23234 0.0002323399744426028 13 1.3e-2 0
1024 6 0.05 13 0 100000011 23133 0.0002313299745537028 13 1.3e-2 0
1024 7 0.05 13 0 100000011 22328 0.0002232799754392027 13 1.3e-2 0
1024 8 0.05 13 0 100000011 22696 0.00022695997503440274 13 1.3e-2 0
1024 9 0.05 13 0 100000011 22353 0.0002235299754117027 13 1.3e-2 0
1024 10 0.05 13 0 100000011 22414 0.0002241399753446027 13 1.3e-2 0
1024 11 0.05 13 0 100000011 22098 0.00022097997569220268 13 1.3e-2 0
1024 12 0.05 13 0 100000011 21966 0.00021965997583740267 13 1.3e-2 0
1024 13 0.05 13 0 100000011 21990 0.00021989997581100266 13 1.3e-2 0
1024 14 0.05 13 0 100000011 22006 0.00022005997579340267 13 1.3e-2 0
1024 15 0.05 13 0 100000011 21973 0.00021972997582970266 13 1.3e-2 0
