# <max_half_weight> <max_tree_size> ...
1 0 0.05 3 0 2551246 100001 0.03919692573746318 3 6.1e-3 0
1 1 0.05 3 0 2558192 100002 0.03909088919049079 3 6.1e-3 0
1 2 0.05 3 0 2567809 100001 0.038944095919906815 3 6.1e-3 0
1 3 0.05 3 0 2558003 100000 0.03909299559070103 3 6.1e-3 0
1 4 0.05 3 0 2550546 100001 0.03920768337446178 3 6.1e-3 0
1 5 0.05 3 0 2559504 100001 0.03907046052672705 3 6.1e-3 0
1 6 0.05 3 0 2551444 100002 0.039194275868880524 3 6.1e-3 0
1 7 0.05 3 0 2557981 100000 0.03909333181129961 3 6.1e-3 0
1 8 0.05 3 0 2557911 100000 0.03909440164259038 3 6.1e-3 0
1 9 0.05 3 0 2573011 100001 0.038865360466783856 3 6.1e-3 0
1 10 0.05 3 0 2569469 100002 0.038919325354771744 3 6.1e-3 0
1 11 0.05 3 0 2571983 100002 0.03888128342994491 3 6.1e-3 0
1 12 0.05 3 0 2560832 100000 0.03904980881213606 3 6.1e-3 0
1 13 0.05 3 0 2564651 100000 0.03899166007382681 3 6.1e-3 0
1 14 0.05 3 0 2569045 100002 0.03892574867314508 3 6.1e-3 0
1 15 0.05 3 0 2546612 100001 0.03926825130801237 3 6.1e-3 0
2 0 0.05 3 0 2558677 100000 0.03908269781609793 3 6.1e-3 0
2 1 0.05 3 0 2559556 100001 0.039069666770330476 3 6.1e-3 0
2 2 0.05 3 0 2562012 100000 0.03903182342627591 3 6.1e-3 0
2 3 0.05 3 0 2547393 100001 0.03925621213530853 3 6.1e-3 0
2 4 0.05 3 0 2567379 100001 0.03895061851016153 3 6.1e-3 0
2 5 0.05 3 0 2553786 100000 0.03915754883142127 3 6.1e-3 0
2 6 0.05 3 0 2561972 100003 0.039033603802071215 3 6.1e-3 0
2 7 0.05 3 0 2562659 100000 0.0390219689783151 3 6.1e-3 0
2 8 0.05 3 0 2556423 100001 0.03911754823047672 3 6.1e-3 0
2 9 0.05 3 0 2560900 100000 0.039048771916123236 3 6.1e-3 0
2 10 0.05 3 0 2579879 100000 0.0387615078071491 3 6.1e-3 0
2 11 0.05 3 0 2564288 100001 0.038997569695759605 3 6.1e-3 0
2 12 0.05 3 0 2565459 100000 0.03897937951844095 3 6.1e-3 0
2 13 0.05 3 0 2550843 100000 0.039202726314398806 3 6.1e-3 0
2 14 0.05 3 0 2569702 100000 0.038915018161638976 3 6.1e-3 0
2 15 0.05 3 0 2562933 100000 0.039017797187831285 3 6.1e-3 0
3 0 0.05 3 0 2568813 100001 0.03892887493172917 3 6.1e-3 0
3 1 0.05 3 0 2557732 100000 0.03909713762036054 3 6.1e-3 0
3 2 0.05 3 0 2565499 100001 0.03897916155882345 3 6.1e-3 0
3 3 0.05 3 0 2558237 100000 0.03908941978401532 3 6.1e-3 0
3 4 0.05 3 0 2558273 100001 0.03908926060666708 3 6.1e-3 0
3 5 0.05 3 0 2559806 100001 0.039065851084027464 3 6.1e-3 0
3 6 0.05 3 0 2570708 100000 0.038899789474339364 3 6.1e-3 0
3 7 0.05 3 0 2559351 100000 0.03907240546529179 3 6.1e-3 0
3 8 0.05 3 0 2553837 100002 0.039157549992423164 3 6.1e-3 0
3 9 0.05 3 0 2561058 100000 0.03904636287034499 3 6.1e-3 0
3 10 0.05 3 0 2567470 100000 0.03894884847729477 3 6.1e-3 0
3 11 0.05 3 0 2556651 100004 0.03911523317026845 3 6.1e-3 0
3 12 0.05 3 0 2568199 100001 0.038938181971101146 3 6.1e-3 0
3 13 0.05 3 0 2558861 100002 0.03908066909456981 3 6.1e-3 0
3 14 0.05 3 0 2566389 100000 0.038965254293094304 3 6.1e-3 0
3 15 0.05 3 0 2551814 100001 0.039188201020920806 3 6.1e-3 0
4 0 0.05 3 0 2572541 100001 0.038872461119181384 3 6.1e-3 0
4 1 0.05 3 0 2556901 100001 0.039110235398241856 3 6.1e-3 0
4 2 0.05 3 0 2559268 100000 0.03907367262826714 3 6.1e-3 0
4 3 0.05 3 0 2565048 100001 0.03898601507652098 3 6.1e-3 0
4 4 0.05 3 0 2578737 100001 0.03877906122260626 3 6.1e-3 0
4 5 0.05 3 0 2566001 100000 0.038971146153099705 3 6.1e-3 0
4 6 0.05 3 0 2570167 100001 0.0389083666547738 3 6.1e-3 0
4 7 0.05 3 0 2556724 100001 0.03911294296920591 3 6.1e-3 0
4 8 0.05 3 0 2563588 100001 0.0390082181692222 3 6.1e-3 0
4 9 0.05 3 0 2556225 100001 0.039120578196363776 3 6.1e-3 0
4 10 0.05 3 0 2551489 100000 0.03919280075281532 3 6.1e-3 0
4 11 0.05 3 0 2561105 100001 0.039046036769285135 3 6.1e-3 0
4 12 0.05 3 0 2544815 100000 0.03929558730202392 3 6.1e-3 0
4 13 0.05 3 0 2578196 100000 0.0387868106226214 3 6.1e-3 0
4 14 0.05 3 0 2566013 100000 0.03897096390392411 3 6.1e-3 0
4 15 0.05 3 0 2565229 100001 0.038983264262176985 3 6.1e-3 0
5 0 0.05 3 0 2545302 100000 0.039288068763549476 3 6.1e-3 0
5 1 0.05 3 0 2579770 100000 0.03876314555173523 3 6.1e-3 0
5 2 0.05 3 0 2550914 100002 0.039202419211310145 3 6.1e-3 0
5 3 0.05 3 0 2556831 100001 0.03911130614420742 3 6.1e-3 0
5 4 0.05 3 0 2556119 100001 0.039122200492230606 3 6.1e-3 0
5 5 0.05 3 0 2576039 100002 0.03882006444778204 3 6.1e-3 0
5 6 0.05 3 0 2557515 100000 0.039100454933793154 3 6.1e-3 0
5 7 0.05 3 0 2563068 100001 0.03901613222903177 3 6.1e-3 0
5 8 0.05 3 0 2560987 100001 0.039047835853911014 3 6.1e-3 0
5 9 0.05 3 0 2554648 100001 0.039144727571078286 3 6.1e-3 0
5 10 0.05 3 0 2565861 100000 0.03897327251943889 3 6.1e-3 0
5 11 0.05 3 0 2544771 100001 0.039296659699438574 3 6.1e-3 0
5 12 0.05 3 0 2559217 100000 0.039074451287249186 3 6.1e-3 0
5 13 0.05 3 0 2562029 100001 0.039031954751487984 3 6.1e-3 0
5 14 0.05 3 0 2559622 100000 0.039068268674046405 3 6.1e-3 0
5 15 0.05 3 0 2565679 100001 0.03897642690297578 3 6.1e-3 0
6 0 0.05 3 0 2560498 100001 0.039055293150004416 3 6.1e-3 0
6 1 0.05 3 0 2547835 100000 0.03924900945312393 3 6.1e-3 0
6 2 0.05 3 0 2557706 100001 0.039097926032155374 3 6.1e-3 0
6 3 0.05 3 0 2560188 100002 0.039060412750938606 3 6.1e-3 0
6 4 0.05 3 0 2575866 100000 0.03882189523833926 3 6.1e-3 0
6 5 0.05 3 0 2577213 100000 0.03880160467916311 3 6.1e-3 0
6 6 0.05 3 0 2549659 100001 0.03922132332205993 3 6.1e-3 0
6 7 0.05 3 0 2558911 100001 0.0390795146841762 3 6.1e-3 0
6 8 0.05 3 0 2564961 100001 0.03898733742930204 3 6.1e-3 0
6 9 0.05 3 0 2558842 100001 0.03908056847589652 3 6.1e-3 0
6 10 0.05 3 0 2553236 100000 0.03916598387301448 3 6.1e-3 0
6 11 0.05 3 0 2568569 100000 0.038932183639995656 3 6.1e-3 0
6 12 0.05 3 0 2536580 100001 0.039423554549826934 3 6.1e-3 0
6 13 0.05 3 0 2563940 100000 0.03900247275677278 3 6.1e-3 0
6 14 0.05 3 0 2558156 100002 0.03909143930237249 3 6.1e-3 0
6 15 0.05 3 0 2567465 100000 0.03894892432808237 3 6.1e-3 0
7 0 0.05 3 0 2555778 100001 0.03912742030019822 3 6.1e-3 0
7 1 0.05 3 0 2562933 100003 0.03901896772174692 3 6.1e-3 0
7 2 0.05 3 0 2542064 100000 0.03933811265176644 3 6.1e-3 0
7 3 0.05 3 0 2561648 100001 0.039037760066956896 3 6.1e-3 0
7 4 0.05 3 0 2551963 100001 0.039185912961904226 3 6.1e-3 0
7 5 0.05 3 0 2566031 100000 0.03897069053335677 3 6.1e-3 0
7 6 0.05 3 0 2554416 100000 0.039147891337980974 3 6.1e-3 0
7 7 0.05 3 0 2571827 100000 0.03888286420509622 3 6.1e-3 0
7 8 0.05 3 0 2551073 100000 0.03919919186946042 3 6.1e-3 0
7 9 0.05 3 0 2562080 100001 0.03903117779304315 3 6.1e-3 0
7 10 0.05 3 0 2573543 100001 0.038857326261888765 3 6.1e-3 0
7 11 0.05 3 0 2564719 100001 0.03899101616980262 3 6.1e-3 0
7 12 0.05 3 0 2565777 100000 0.038974548450625285 3 6.1e-3 0
7 13 0.05 3 0 2557589 100002 0.0391001056072731 3 6.1e-3 0
7 14 0.05 3 0 2556825 100003 0.03911218014529739 3 6.1e-3 0
7 15 0.05 3 0 2559450 100002 0.03907167555529508 3 6.1e-3 0
8 0 0.05 3 0 2563617 100001 0.039007776902712066 3 6.1e-3 0
8 1 0.05 3 0 2563289 100001 0.03901276836127335 3 6.1e-3 0
8 2 0.05 3 0 2548969 100001 0.039231940443371416 3 6.1e-3 0
8 3 0.05 3 0 2567426 100000 0.03894951597436499 3 6.1e-3 0
8 4 0.05 3 0 2561328 100000 0.039042246834454626 3 6.1e-3 0
8 5 0.05 3 0 2559698 100001 0.03906749936906619 3 6.1e-3 0
8 6 0.05 3 0 2562913 100001 0.03901849184892347 3 6.1e-3 0
8 7 0.05 3 0 2571209 100000 0.03889220985147454 3 6.1e-3 0
8 8 0.05 3 0 2570213 100001 0.038907670298142606 3 6.1e-3 0
8 9 0.05 3 0 2563198 100000 0.0390137632754083 3 6.1e-3 0
8 10 0.05 3 0 2568967 100000 0.03892615202920084 3 6.1e-3 0
8 11 0.05 3 0 2557265 100000 0.03910427742138574 3 6.1e-3 0
8 12 0.05 3 0 2561244 100000 0.03904352728595948 3 6.1e-3 0
8 13 0.05 3 0 2588993 100000 0.03862505615117538 3 6.1e-3 0
8 14 0.05 3 0 2553434 100002 0.03916373009836949 3 6.1e-3 0
8 15 0.05 3 0 2568199 100000 0.038937792593175216 3 6.1e-3 0
10 0 0.05 3 0 2553096 100001 0.039168523236102364 3 6.1e-3 0
10 1 0.05 3 0 2559628 100001 0.03906856777625499 3 6.1e-3 0
10 2 0.05 3 0 2557218 100000 0.03910499613251588 3 6.1e-3 0
10 3 0.05 3 0 2574493 100001 0.03884298772612705 3 6.1e-3 0
10 4 0.05 3 0 2555574 100000 0.03913015236498728 3 6.1e-3 0
10 5 0.05 3 0 2559777 100000 0.039065903006394696 3 6.1e-3 0
10 6 0.05 3 0 2565505 100000 0.03897868061064001 3 6.1e-3 0
10 7 0.05 3 0 2571796 100000 0.03888333289265556 3 6.1e-3 0
10 8 0.05 3 0 2546057 100000 0.039276418399116754 3 6.1e-3 0
10 9 0.05 3 0 2572798 100000 0.03886818941867959 3 6.1e-3 0
10 10 0.05 3 0 2551102 100000 0.039198746267299384 3 6.1e-3 0
10 11 0.05 3 0 2562813 100000 0.03901962413956851 3 6.1e-3 0
10 12 0.05 3 0 2563100 100000 0.039015254964691194 3 6.1e-3 0
10 13 0.05 3 0 2560875 100000 0.03904915312149168 3 6.1e-3 0
10 14 0.05 3 0 2555358 100000 0.03913345996920979 3 6.1e-3 0
10 15 0.05 3 0 2549188 100000 0.03922817775699556 3 6.1e-3 0
12 0 0.05 3 0 2572079 100000 0.03887905464801042 3 6.1e-3 0
12 1 0.05 3 0 2541855 100001 0.039341740579222656 3 6.1e-3 0
12 2 0.05 3 0 2564662 100001 0.03899188275102138 3 6.1e-3 0
12 3 0.05 3 0 2572363 100001 0.03887515097985782 3 6.1e-3 0
12 4 0.05 3 0 2553408 100000 0.03916334561495852 3 6.1e-3 0
12 5 0.05 3 0 2553904 100002 0.03915652271972635 3 6.1e-3 0
12 6 0.05 3 0 2564474 100001 0.03899474122178661 3 6.1e-3 0
12 7 0.05 3 0 2555447 100000 0.03913209704603539 3 6.1e-3 0
12 8 0.05 3 0 2563420 100000 0.03901038456437104 3 6.1e-3 0
12 9 0.05 3 0 2567030 100000 0.038955524477703805 3 6.1e-3 0
12 10 0.05 3 0 2566123 100001 0.038969683058840125 3 6.1e-3 0
12 11 0.05 3 0 2561232 100000 0.03904371021445929 3 6.1e-3 0
12 12 0.05 3 0 2566356 100001 0.038966144993134236 3 6.1e-3 0
12 13 0.05 3 0 2567906 100000 0.038942235424505416 3 6.1e-3 0
12 14 0.05 3 0 2551374 100002 0.03919535121075938 3 6.1e-3 0
12 15 0.05 3 0 2574779 100000 0.038838284761527106 3 6.1e-3 0
14 0 0.05 3 0 2567201 100005 0.03895487731580036 3 6.1e-3 0
14 1 0.05 3 0 2544777 100001 0.039296567046935744 3 6.1e-3 0
14 2 0.05 3 0 2555778 100001 0.03912742030019822 3 6.1e-3 0
14 3 0.05 3 0 2570780 100000 0.03889870000544582 3 6.1e-3 0
14 4 0.05 3 0 2567658 100003 0.03894716508195406 3 6.1e-3 0
14 5 0.05 3 0 2566920 100001 0.038957583407352 3 6.1e-3 0
14 6 0.05 3 0 2562819 100000 0.0390195327879183 3 6.1e-3 0
14 7 0.05 3 0 2563642 100000 0.039007006438496486 3 6.1e-3 0
14 8 0.05 3 0 2569784 100000 0.03891377641078005 3 6.1e-3 0
14 9 0.05 3 0 2564945 100000 0.0389871907584763 3 6.1e-3 0
14 10 0.05 3 0 2552229 100000 0.03918143708891326 3 6.1e-3 0
14 11 0.05 3 0 2560040 100001 0.03906228027687068 3 6.1e-3 0
14 12 0.05 3 0 2552629 100001 0.039175689064098226 3 6.1e-3 0
14 13 0.05 3 0 2544385 100000 0.03930222823983006 3 6.1e-3 0
14 14 0.05 3 0 2555691 100000 0.039128360979476785 3 6.1e-3 0
14 15 0.05 3 0 2554559 100001 0.039146091360583175 3 6.1e-3 0
16 0 0.05 3 0 2558461 100000 0.03908599740234461 3 6.1e-3 0
16 1 0.05 3 0 2554905 100000 0.03914039856667861 3 6.1e-3 0
16 2 0.05 3 0 2559049 100001 0.039077407271216766 3 6.1e-3 0
16 3 0.05 3 0 2557660 100000 0.0390982382333852 3 6.1e-3 0
16 4 0.05 3 0 2563336 100001 0.03901205304337785 3 6.1e-3 0
16 5 0.05 3 0 2560519 100000 0.03905458229366781 3 6.1e-3 0
16 6 0.05 3 0 2556547 100001 0.03911565091508194 3 6.1e-3 0
16 7 0.05 3 0 2564835 100001 0.038989252719960545 3 6.1e-3 0
16 8 0.05 3 0 2568086 100000 0.03893950591997308 3 6.1e-3 0
16 9 0.05 3 0 2554803 100002 0.03914274407850625 3 6.1e-3 0
16 10 0.05 3 0 2566000 100001 0.03897155105222136 3 6.1e-3 0
16 11 0.05 3 0 2553861 100002 0.03915718200794797 3 6.1e-3 0
16 12 0.05 3 0 2557791 100000 0.03909623577532332 3 6.1e-3 0
16 13 0.05 3 0 2549178 100000 0.03922833164259224 3 6.1e-3 0
16 14 0.05 3 0 2560102 100001 0.03906133427496248 3 6.1e-3 0
16 15 0.05 3 0 2553752 100000 0.03915807016499644 3 6.1e-3 0
20 0 0.05 3 0 2573359 100002 0.038860493230831766 3 6.1e-3 0
20 1 0.05 3 0 2557900 100001 0.03909496070995739 3 6.1e-3 0
20 2 0.05 3 0 2569638 100000 0.03891598738810681 3 6.1e-3 0
20 3 0.05 3 0 2560832 100000 0.03904980881213606 3 6.1e-3 0
20 4 0.05 3 0 2562889 100001 0.039018857234940724 3 6.1e-3 0
20 5 0.05 3 0 2560375 100000 0.039056778792169115 3 6.1e-3 0
20 6 0.05 3 0 2555587 100000 0.0391299533140527 3 6.1e-3 0
20 7 0.05 3 0 2557686 100001 0.03909823176105277 3 6.1e-3 0
20 8 0.05 3 0 2550511 100000 0.03920782933302385 3 6.1e-3 0
20 9 0.05 3 0 2562037 100000 0.0390314425591824 3 6.1e-3 0
20 10 0.05 3 0 2579892 100001 0.03876170010217482 3 6.1e-3 0
20 11 0.05 3 0 2555182 100001 0.03913654682914955 3 6.1e-3 0
20 12 0.05 3 0 2567011 100001 0.038956202369214626 3 6.1e-3 0
20 13 0.05 3 0 2552089 100000 0.0391835864658325 3 6.1e-3 0
20 14 0.05 3 0 2571159 100003 0.038894132957160564 3 6.1e-3 0
20 15 0.05 3 0 2566756 100001 0.038960072558513546 3 6.1e-3 0
24 0 0.05 3 0 2556895 100001 0.039110327174170234 3 6.1e-3 0
24 1 0.05 3 0 2542904 100000 0.0393251180540044 3 6.1e-3 0
24 2 0.05 3 0 2566444 100000 0.038964419250916836 3 6.1e-3 0
24 3 0.05 3 0 2554090 100001 0.03915327964167277 3 6.1e-3 0
24 4 0.05 3 0 2557162 100000 0.039105852503673995 3 6.1e-3 0
24 5 0.05 3 0 2564822 100000 0.038989060449419105 3 6.1e-3 0
24 6 0.05 3 0 2572676 100002 0.03887081000483543 3 6.1e-3 0
24 7 0.05 3 0 2567761 100001 0.03894482391468677 3 6.1e-3 0
24 8 0.05 3 0 2562602 100001 0.039023227173006186 3 6.1e-3 0
24 9 0.05 3 0 2561489 100000 0.039039792870474946 3 6.1e-3 0
24 10 0.05 3 0 2558373 100002 0.03908812358479393 3 6.1e-3 0
24 11 0.05 3 0 2566871 100001 0.03895832708383086 3 6.1e-3 0
24 12 0.05 3 0 2560441 100000 0.03905577203302087 3 6.1e-3 0
24 13 0.05 3 0 2560924 100001 0.039048796450031314 3 6.1e-3 0
24 14 0.05 3 0 2562533 100000 0.03902388769237313 3 6.1e-3 0
24 15 0.05 3 0 2552062 100000 0.039184001015649304 3 6.1e-3 0
28 0 0.05 3 0 2569604 100000 0.03891650230930525 3 6.1e-3 0
28 1 0.05 3 0 2562633 100001 0.03902275511163713 3 6.1e-3 0
28 2 0.05 3 0 2565064 100000 0.03898538204114985 3 6.1e-3 0
28 3 0.05 3 0 2585398 100001 0.03867915114036601 3 6.1e-3 0
28 4 0.05 3 0 2543068 100000 0.03932258201510931 3 6.1e-3 0
28 5 0.05 3 0 2578621 100000 0.03878041790553943 3 6.1e-3 0
28 6 0.05 3 0 2542515 100002 0.03933192134559678 3 6.1e-3 0
28 7 0.05 3 0 2565317 100002 0.03898231680529151 3 6.1e-3 0
28 8 0.05 3 0 2560152 100001 0.03906057140357291 3 6.1e-3 0
28 9 0.05 3 0 2557524 100000 0.03910031733817552 3 6.1e-3 0
28 10 0.05 3 0 2558754 100001 0.03908191252461159 3 6.1e-3 0
28 11 0.05 3 0 2552927 100000 0.039170724427294634 3 6.1e-3 0
28 12 0.05 3 0 2566211 100001 0.03896834671817711 3 6.1e-3 0
28 13 0.05 3 0 2557323 100001 0.039103781571588725 3 6.1e-3 0
28 14 0.05 3 0 2573355 100001 0.03886016503747054 3 6.1e-3 0
28 15 0.05 3 0 2568656 100000 0.03893086501267589 3 6.1e-3 0
32 0 0.05 3 0 2568428 100001 0.038934710258570614 3 6.1e-3 0
32 1 0.05 3 0 2572589 100001 0.03887173582721531 3 6.1e-3 0
32 2 0.05 3 0 2560566 100001 0.03905425597309345 3 6.1e-3 0
32 3 0.05 3 0 2568695 100000 0.03893027393287253 3 6.1e-3 0
32 4 0.05 3 0 2558462 100000 0.039085982125198655 3 6.1e-3 0
32 5 0.05 3 0 2580388 100000 0.03875386182233059 3 6.1e-3 0
32 6 0.05 3 0 2571664 100000 0.038885328721014877 3 6.1e-3 0
32 7 0.05 3 0 2569356 100001 0.038920647819920634 3 6.1e-3 0
32 8 0.05 3 0 2564479 100001 0.038994665193202986 3 6.1e-3 0
32 9 0.05 3 0 2563791 100002 0.039005519560681816 3 6.1e-3 0
32 10 0.05 3 0 2556834 100001 0.03911126025389212 3 6.1e-3 0
32 11 0.05 3 0 2560635 100000 0.03905281307175759 3 6.1e-3 0
32 12 0.05 3 0 2565177 100000 0.03898366467499124 3 6.1e-3 0
32 13 0.05 3 0 2548799 100001 0.03923455713847973 3 6.1e-3 0
32 14 0.05 3 0 2565892 100000 0.0389728016611767 3 6.1e-3 0
32 15 0.05 3 0 2556942 100001 0.03910960827425886 3 6.1e-3 0
64 0 0.05 3 0 2545654 100000 0.03928263621057693 3 6.1e-3 0
64 1 0.05 3 0 2547441 100001 0.039255472452551406 3 6.1e-3 0
64 2 0.05 3 0 2556756 100001 0.039112453437089814 3 6.1e-3 0
64 3 0.05 3 0 2574824 100002 0.0388383827399465 3 6.1e-3 0
64 4 0.05 3 0 2569515 100000 0.03891785025578757 3 6.1e-3 0
64 5 0.05 3 0 2553269 100001 0.03916586932281714 3 6.1e-3 0
64 6 0.05 3 0 2572662 100000 0.03887024412845527 3 6.1e-3 0
64 7 0.05 3 0 2567741 100001 0.03894512725387802 3 6.1e-3 0
64 8 0.05 3 0 2559637 100000 0.03906803972594552 3 6.1e-3 0
64 9 0.05 3 0 2555199 100000 0.039135895090754186 3 6.1e-3 0
64 10 0.05 3 0 2569666 100000 0.038915563345586546 3 6.1e-3 0
64 11 0.05 3 0 2563135 100000 0.039014722205424214 3 6.1e-3 0
64 12 0.05 3 0 2550972 100001 0.039201135880754474 3 6.1e-3 0
64 13 0.05 3 0 2560952 100000 0.03904797903279718 3 6.1e-3 0
64 14 0.05 3 0 2558120 100000 0.03909120760558535 3 6.1e-3 0
64 15 0.05 3 0 2556529 100002 0.039116317475764995 3 6.1e-3 0
128 0 0.05 3 0 2576510 100002 0.03881296792948601 3 6.1e-3 0
128 1 0.05 3 0 2566506 100000 0.03896347797355627 3 6.1e-3 0
128 2 0.05 3 0 2567175 100001 0.03895371371254394 3 6.1e-3 0
128 3 0.05 3 0 2573756 100000 0.038853721953440806 3 6.1e-3 0
128 4 0.05 3 0 2557676 100001 0.039098384627294466 3 6.1e-3 0
128 5 0.05 3 0 2559794 100002 0.03906642487637677 3 6.1e-3 0
128 6 0.05 3 0 2562269 100000 0.03902790846706571 3 6.1e-3 0
128 7 0.05 3 0 2556511 100001 0.039116201729622914 3 6.1e-3 0
128 8 0.05 3 0 2563547 100000 0.03900845196128645 3 6.1e-3 0
128 9 0.05 3 0 2547805 100000 0.039249471603988534 3 6.1e-3 0
128 10 0.05 3 0 2566398 100002 0.03896589694973266 3 6.1e-3 0
128 11 0.05 3 0 2568969 100000 0.0389261217243182 3 6.1e-3 0
128 12 0.05 3 0 2561693 100000 0.039036683943001756 3 6.1e-3 0
128 13 0.05 3 0 2560413 100002 0.039056980260606396 3 6.1e-3 0
128 14 0.05 3 0 2552869 100001 0.039172006084135146 3 6.1e-3 0
128 15 0.05 3 0 2562575 100001 0.03902363833253661 3 6.1e-3 0
256 0 0.05 3 0 2576989 100001 0.03880536548662024 3 6.1e-3 0
256 1 0.05 3 0 2552540 100000 0.03917666324523807 3 6.1e-3 0
256 2 0.05 3 0 2558658 100001 0.039083378865014395 3 6.1e-3 0
256 3 0.05 3 0 2552789 100001 0.03917323366717735 3 6.1e-3 0
256 4 0.05 3 0 2572913 100000 0.03886645214976177 3 6.1e-3 0
256 5 0.05 3 0 2552002 100000 0.039184922268869694 3 6.1e-3 0
256 6 0.05 3 0 2544826 100000 0.039295417447008166 3 6.1e-3 0
256 7 0.05 3 0 2570781 100000 0.038898684874363085 3 6.1e-3 0
256 8 0.05 3 0 2561955 100000 0.03903269183104309 3 6.1e-3 0
256 9 0.05 3 0 2566963 100000 0.038956541251276317 3 6.1e-3 0
256 10 0.05 3 0 2551811 100000 0.0391878552134151 3 6.1e-3 0
256 11 0.05 3 0 2561017 100002 0.03904776891367765 3 6.1e-3 0
256 12 0.05 3 0 2570252 100002 0.03890746899525805 3 6.1e-3 0
256 13 0.05 3 0 2564909 100001 0.03898812784391181 3 6.1e-3 0
256 14 0.05 3 0 2560927 100002 0.03904914118988944 3 6.1e-3 0
256 15 0.05 3 0 2556009 100002 0.03912427538400686 3 6.1e-3 0
512 0 0.05 3 0 2555242 100000 0.03913523650597478 3 6.1e-3 0
512 1 0.05 3 0 2559126 100000 0.03907584073625136 3 6.1e-3 0
512 2 0.05 3 0 2546880 100000 0.039263726598818945 3 6.1e-3 0
512 3 0.05 3 0 2565319 100001 0.038981896598434734 3 6.1e-3 0
512 4 0.05 3 0 2561407 100000 0.03904104267693498 3 6.1e-3 0
512 5 0.05 3 0 2559349 100001 0.03907282672273301 3 6.1e-3 0
512 6 0.05 3 0 2555833 100000 0.03912618703960705 3 6.1e-3 0
512 7 0.05 3 0 2561650 100001 0.03903772958835126 3 6.1e-3 0
512 8 0.05 3 0 2571958 100000 0.03888088374693521 3 6.1e-3 0
512 9 0.05 3 0 2563165 100000 0.039014265566204284 3 6.1e-3 0
512 10 0.05 3 0 2558097 100001 0.03909194999251397 3 6.1e-3 0
512 11 0.05 3 0 2554089 100000 0.039152903442284115 3 6.1e-3 0
512 12 0.05 3 0 2564492 100001 0.038994467520273024 3 6.1e-3 0
512 13 0.05 3 0 2561345 100001 0.03904237812555513 3 6.1e-3 0
512 14 0.05 3 0 2555107 100000 0.03913730423031208 3 6.1e-3 0
512 15 0.05 3 0 2561199 100000 0.039044213276672374 3 6.1e-3 0
1024 0 0.05 3 0 2548776 100000 0.03923451884355471 3 6.1e-3 0
1024 1 0.05 3 0 2568719 100000 0.03892991020037614 3 6.1e-3 0
1024 2 0.05 3 0 2567841 100000 0.038943221172962034 3 6.1e-3 0
1024 3 0.05 3 0 2563369 100001 0.03901155081457254 3 6.1e-3 0
1024 4 0.05 3 0 2564892 100000 0.038987996375675855 3 6.1e-3 0
1024 5 0.05 3 0 2570647 100002 0.038901490558602564 3 6.1e-3 0
1024 6 0.05 3 0 2555043 100000 0.03913828456116003 3 6.1e-3 0
1024 7 0.05 3 0 2570782 100002 0.038899447716686984 3 6.1e-3 0
1024 8 0.05 3 0 2563878 100000 0.0390034159191662 3 6.1e-3 0
1024 9 0.05 3 0 2564950 100001 0.03898750462971988 3 6.1e-3 0
1024 10 0.05 3 0 2549339 100000 0.03922585423123406 3 6.1e-3 0
1024 11 0.05 3 0 2565966 100000 0.038971677722931634 3 6.1e-3 0
1024 12 0.05 3 0 2561959 100001 0.03903302121540587 3 6.1e-3 0
1024 13 0.05 3 0 2560334 100001 0.03905779480333425 3 6.1e-3 0
1024 14 0.05 3 0 2557462 100000 0.03910126523874059 3 6.1e-3 0
1024 15 0.05 3 0 2567754 100000 0.03894454063745982 3 6.1e-3 0
