# <max_half_weight> <max_tree_size> ...
1 0 0.05 5 0 5583757 100000 0.01790908880884322 5 6.1e-3 0
1 1 0.05 5 0 5588890 100000 0.01789264057800386 5 6.1e-3 0
1 2 0.05 5 0 5588268 100001 0.017894811057737388 5 6.1e-3 0
1 3 0.05 5 0 5934193 100000 0.01685149101149895 5 6.1e-3 0
1 4 0.05 5 0 5946256 100000 0.01681730487217503 5 6.1e-3 0
1 5 0.05 5 0 6042314 100000 0.01654995089629569 5 6.1e-3 0
1 6 0.05 5 0 6055143 100001 0.01651505175022291 5 6.1e-3 0
1 7 0.05 5 0 6020079 100000 0.016611077695159814 5 6.1e-3 0
1 8 0.05 5 0 6026645 100000 0.01659298000794804 5 6.1e-3 0
1 9 0.05 5 0 5982959 100000 0.01671413760314921 5 6.1e-3 0
1 10 0.05 5 0 6004346 100000 0.016654603182428195 5 6.1e-3 0
1 11 0.05 5 0 6041404 100001 0.016552609294130965 5 6.1e-3 0
1 12 0.05 5 0 6023678 100001 0.016601318994806828 5 6.1e-3 0
1 13 0.05 5 0 6010166 100000 0.016638475542938416 5 6.1e-3 0
1 14 0.05 5 0 6004279 100000 0.01665478902629275 5 6.1e-3 0
1 15 0.05 5 0 6000149 100000 0.016666252788055762 5 6.1e-3 0
2 0 0.05 5 0 5615723 100002 0.017807502257500947 5 6.1e-3 0
2 1 0.05 5 0 5565763 100000 0.017966988533288247 5 6.1e-3 0
2 2 0.05 5 0 5567867 100000 0.017960199121135615 5 6.1e-3 0
2 3 0.05 5 0 5943872 100000 0.016824050046838155 5 6.1e-3 0
2 4 0.05 5 0 5948773 100001 0.01681035736277044 5 6.1e-3 0
2 5 0.05 5 0 6006521 100000 0.016648572443183 5 6.1e-3 0
2 6 0.05 5 0 6014076 100000 0.016627658180575038 5 6.1e-3 0
2 7 0.05 5 0 5984530 100001 0.016709917069510888 5 6.1e-3 0
2 8 0.05 5 0 6032325 100000 0.016577356160352767 5 6.1e-3 0
2 9 0.05 5 0 6023577 100000 0.016601431342207464 5 6.1e-3 0
2 10 0.05 5 0 6026057 100001 0.016594765034582314 5 6.1e-3 0
2 11 0.05 5 0 6018921 100000 0.01661427355501094 5 6.1e-3 0
2 12 0.05 5 0 6009313 100001 0.016641003722056083 5 6.1e-3 0
2 13 0.05 5 0 6026810 100001 0.016592691656116584 5 6.1e-3 0
2 14 0.05 5 0 6005856 100000 0.016650415860786538 5 6.1e-3 0
2 15 0.05 5 0 6021649 100000 0.01660674675657781 5 6.1e-3 0
3 0 0.05 5 0 5644932 100000 0.017715005247184553 5 6.1e-3 0
3 1 0.05 5 0 5637206 100000 0.017739284319217712 5 6.1e-3 0
3 2 0.05 5 0 5587074 100000 0.017898456329735385 5 6.1e-3 0
3 3 0.05 5 0 5963042 100000 0.016769964055259046 5 6.1e-3 0
3 4 0.05 5 0 5951614 100000 0.0168021649253463 5 6.1e-3 0
3 5 0.05 5 0 6023776 100001 0.01660104891018524 5 6.1e-3 0
3 6 0.05 5 0 6015528 100001 0.01662381091069645 5 6.1e-3 0
3 7 0.05 5 0 6016755 100000 0.016620254605680305 5 6.1e-3 0
3 8 0.05 5 0 5991606 100000 0.016690015999049335 5 6.1e-3 0
3 9 0.05 5 0 6007235 100000 0.01664659364915806 5 6.1e-3 0
3 10 0.05 5 0 5982526 100000 0.016715347329873703 5 6.1e-3 0
3 11 0.05 5 0 6043394 100000 0.016546993295489257 5 6.1e-3 0
3 12 0.05 5 0 6026185 100000 0.016594246608758276 5 6.1e-3 0
3 13 0.05 5 0 6010225 100000 0.016638312209609457 5 6.1e-3 0
3 14 0.05 5 0 5985781 100000 0.01670625771307036 5 6.1e-3 0
3 15 0.05 5 0 6014249 100001 0.016627346157433786 5 6.1e-3 0
4 0 0.05 5 0 5607050 100000 0.01783469025601698 5 6.1e-3 0
4 1 0.05 5 0 5566449 100002 0.017965133606721268 5 6.1e-3 0
4 2 0.05 5 0 5615054 100000 0.01780926772921507 5 6.1e-3 0
4 3 0.05 5 0 5947764 100000 0.01681304100162683 5 6.1e-3 0
4 4 0.05 5 0 5953534 100001 0.01679691423614949 5 6.1e-3 0
4 5 0.05 5 0 6014970 100000 0.01662518682553695 5 6.1e-3 0
4 6 0.05 5 0 6018426 100000 0.016615640036115754 5 6.1e-3 0
4 7 0.05 5 0 6018764 100001 0.01661487308689957 5 6.1e-3 0
4 8 0.05 5 0 6035359 100000 0.016569022654658986 5 6.1e-3 0
4 9 0.05 5 0 5965215 100001 0.016764022755256937 5 6.1e-3 0
4 10 0.05 5 0 6031124 100001 0.016580823077091435 5 6.1e-3 0
4 11 0.05 5 0 5999864 100000 0.016667044453007603 5 6.1e-3 0
4 12 0.05 5 0 5989667 100000 0.016695418960686798 5 6.1e-3 0
4 13 0.05 5 0 6002162 100000 0.016660663274333482 5 6.1e-3 0
4 14 0.05 5 0 6018134 100000 0.0166164462273522 5 6.1e-3 0
4 15 0.05 5 0 6015679 100000 0.016623227402924923 5 6.1e-3 0
5 0 0.05 5 0 5607643 100000 0.017832804263752167 5 6.1e-3 0
5 1 0.05 5 0 5595916 100001 0.017870354022469243 5 6.1e-3 0
5 2 0.05 5 0 5625459 100001 0.017776504992748146 5 6.1e-3 0
5 3 0.05 5 0 5948912 100001 0.016809964578396855 5 6.1e-3 0
5 4 0.05 5 0 5970505 100000 0.01674900196884518 5 6.1e-3 0
5 5 0.05 5 0 6016865 100001 0.016620116954593464 5 6.1e-3 0
5 6 0.05 5 0 6053808 100000 0.016518528503051303 5 6.1e-3 0
5 7 0.05 5 0 6017830 100000 0.016617285632861016 5 6.1e-3 0
5 8 0.05 5 0 6020471 100000 0.016609996128209903 5 6.1e-3 0
5 9 0.05 5 0 5966613 100000 0.01675992728202751 5 6.1e-3 0
5 10 0.05 5 0 6001677 100000 0.01666200963497369 5 6.1e-3 0
5 11 0.05 5 0 6001235 100000 0.01666323681708848 5 6.1e-3 0
5 12 0.05 5 0 6016192 100000 0.016621809942235888 5 6.1e-3 0
5 13 0.05 5 0 6010997 100000 0.016636175329982697 5 6.1e-3 0
5 14 0.05 5 0 6025787 100001 0.01659550860327456 5 6.1e-3 0
5 15 0.05 5 0 5992875 100000 0.016686481863880023 5 6.1e-3 0
6 0 0.05 5 0 5600985 100000 0.01785400246563774 5 6.1e-3 0
6 1 0.05 5 0 5599788 100000 0.01785781890314419 5 6.1e-3 0
6 2 0.05 5 0 5607940 100001 0.017832038145914542 5 6.1e-3 0
6 3 0.05 5 0 5941557 100000 0.016830605176387268 5 6.1e-3 0
6 4 0.05 5 0 5977715 100000 0.016728800218812706 5 6.1e-3 0
6 5 0.05 5 0 6035134 100000 0.01656964037583921 5 6.1e-3 0
6 6 0.05 5 0 6016791 100000 0.016620155162444566 5 6.1e-3 0
6 7 0.05 5 0 6027800 100000 0.0165898005905969 5 6.1e-3 0
6 8 0.05 5 0 6040101 100000 0.016556014543465416 5 6.1e-3 0
6 9 0.05 5 0 5988846 100000 0.0166977077052908 5 6.1e-3 0
6 10 0.05 5 0 6011466 100001 0.016635043764698994 5 6.1e-3 0
6 11 0.05 5 0 5975339 100000 0.016735452164303985 5 6.1e-3 0
6 12 0.05 5 0 5990432 100000 0.016693286894834965 5 6.1e-3 0
6 13 0.05 5 0 6014690 100000 0.016625960772708153 5 6.1e-3 0
6 14 0.05 5 0 6003941 100000 0.01665572663022505 5 6.1e-3 0
6 15 0.05 5 0 6024259 100000 0.016599551911695695 5 6.1e-3 0
7 0 0.05 5 0 5592464 100000 0.017881205851302755 5 6.1e-3 0
7 1 0.05 5 0 5602494 100001 0.017849372083218653 5 6.1e-3 0
7 2 0.05 5 0 5614883 100000 0.017809810106461703 5 6.1e-3 0
7 3 0.05 5 0 5951811 100000 0.016801608787644636 5 6.1e-3 0
7 4 0.05 5 0 5943472 100000 0.016825182317675595 5 6.1e-3 0
7 5 0.05 5 0 6036640 100000 0.016565506639455062 5 6.1e-3 0
7 6 0.05 5 0 6026032 100000 0.016594667934056773 5 6.1e-3 0
7 7 0.05 5 0 5953435 100001 0.01679719355296564 5 6.1e-3 0
7 8 0.05 5 0 6018206 100000 0.016616247433205177 5 6.1e-3 0
7 9 0.05 5 0 6022557 100000 0.01660424301505158 5 6.1e-3 0
7 10 0.05 5 0 6047636 100000 0.01653538671970337 5 6.1e-3 0
7 11 0.05 5 0 6029312 100001 0.01658580614172894 5 6.1e-3 0
7 12 0.05 5 0 6024051 100000 0.016600125065342242 5 6.1e-3 0
7 13 0.05 5 0 6001009 100000 0.016663864360143436 5 6.1e-3 0
7 14 0.05 5 0 6001162 100000 0.01666343951388081 5 6.1e-3 0
7 15 0.05 5 0 6007704 100000 0.01664529410903067 5 6.1e-3 0
8 0 0.05 5 0 5616681 100000 0.01780410886785274 5 6.1e-3 0
8 1 0.05 5 0 5625405 100000 0.017776497869931143 5 6.1e-3 0
8 2 0.05 5 0 5597050 100000 0.01786655470292386 5 6.1e-3 0
8 3 0.05 5 0 5937239 100000 0.01684284563919357 5 6.1e-3 0
8 4 0.05 5 0 5958239 100000 0.016783482502128567 5 6.1e-3 0
8 5 0.05 5 0 6026144 100000 0.016594359510824833 5 6.1e-3 0
8 6 0.05 5 0 5998561 100001 0.01667083155443447 5 6.1e-3 0
8 7 0.05 5 0 6023400 100000 0.01660191918185742 5 6.1e-3 0
8 8 0.05 5 0 6003626 100000 0.01665660052774773 5 6.1e-3 0
8 9 0.05 5 0 5997727 100000 0.016672982948373608 5 6.1e-3 0
8 10 0.05 5 0 6017694 100000 0.016617661183835536 5 6.1e-3 0
8 11 0.05 5 0 6025570 100000 0.01659594030108355 5 6.1e-3 0
8 12 0.05 5 0 5994153 100001 0.01668309100551821 5 6.1e-3 0
8 13 0.05 5 0 5998233 100000 0.016671576445929995 5 6.1e-3 0
8 14 0.05 5 0 5993855 100002 0.016684087286062143 5 6.1e-3 0
8 15 0.05 5 0 6001861 100000 0.01666149882511441 5 6.1e-3 0
10 0 0.05 5 0 5621706 100000 0.01778819454450304 5 6.1e-3 0
10 1 0.05 5 0 5613118 100001 0.017815588412714644 5 6.1e-3 0
10 2 0.05 5 0 5569374 100000 0.017955339325389175 5 6.1e-3 0
10 3 0.05 5 0 5914436 100000 0.016907782923003985 5 6.1e-3 0
10 4 0.05 5 0 5945134 100000 0.01682047873100926 5 6.1e-3 0
10 5 0.05 5 0 6013150 100000 0.016630218770527925 5 6.1e-3 0
10 6 0.05 5 0 6007386 100000 0.016646175224964734 5 6.1e-3 0
10 7 0.05 5 0 6026553 100000 0.01659323331264157 5 6.1e-3 0
10 8 0.05 5 0 5986737 100002 0.016703924024055173 5 6.1e-3 0
10 9 0.05 5 0 6021221 100002 0.016608259354705633 5 6.1e-3 0
10 10 0.05 5 0 6010808 100001 0.01663686479421735 5 6.1e-3 0
10 11 0.05 5 0 5983111 100000 0.01671371298309525 5 6.1e-3 0
10 12 0.05 5 0 6018792 100002 0.016614961939206405 5 6.1e-3 0
10 13 0.05 5 0 6044604 100000 0.016543680942539826 5 6.1e-3 0
10 14 0.05 5 0 5995792 100000 0.016678363759116393 5 6.1e-3 0
10 15 0.05 5 0 5996548 100001 0.01667642783814955 5 6.1e-3 0
12 0 0.05 5 0 5578123 100001 0.01792735656779171 5 6.1e-3 0
12 1 0.05 5 0 5594407 100000 0.01787499550890738 5 6.1e-3 0
12 2 0.05 5 0 5603404 100000 0.017846294859339074 5 6.1e-3 0
12 3 0.05 5 0 5950118 100000 0.01680638938589117 5 6.1e-3 0
12 4 0.05 5 0 5948290 100000 0.016811554245001505 5 6.1e-3 0
12 5 0.05 5 0 5997490 100000 0.01667364180682252 5 6.1e-3 0
12 6 0.05 5 0 5999920 100000 0.016666888891851892 5 6.1e-3 0
12 7 0.05 5 0 6009219 100001 0.01664126403114947 5 6.1e-3 0
12 8 0.05 5 0 5998739 100000 0.016670170180766324 5 6.1e-3 0
12 9 0.05 5 0 6009893 100000 0.016639231347380063 5 6.1e-3 0
12 10 0.05 5 0 6008370 100000 0.016643449055234613 5 6.1e-3 0
12 11 0.05 5 0 6025040 100000 0.016597400183235297 5 6.1e-3 0
12 12 0.05 5 0 6003260 100000 0.016657616028624447 5 6.1e-3 0
12 13 0.05 5 0 6018547 100001 0.01661547213970415 5 6.1e-3 0
12 14 0.05 5 0 6000989 100001 0.016664086536402584 5 6.1e-3 0
12 15 0.05 5 0 6008826 100002 0.01664251885476464 5 6.1e-3 0
14 0 0.05 5 0 5601794 100001 0.017851602540186234 5 6.1e-3 0
14 1 0.05 5 0 5605733 100000 0.017838880303432218 5 6.1e-3 0
14 2 0.05 5 0 5641680 100004 0.017725925610810964 5 6.1e-3 0
14 3 0.05 5 0 5970170 100001 0.016750109293370206 5 6.1e-3 0
14 4 0.05 5 0 5940577 100000 0.016833381673194373 5 6.1e-3 0
14 5 0.05 5 0 6058280 100000 0.016506335131423442 5 6.1e-3 0
14 6 0.05 5 0 6035666 100000 0.01656817988271717 5 6.1e-3 0
14 7 0.05 5 0 6020040 100000 0.016611185307738818 5 6.1e-3 0
14 8 0.05 5 0 5997074 100000 0.016674798410024623 5 6.1e-3 0
14 9 0.05 5 0 6020804 100001 0.01660924354953259 5 6.1e-3 0
14 10 0.05 5 0 6017467 100000 0.016618288060408142 5 6.1e-3 0
14 11 0.05 5 0 6008294 100000 0.016643659581238868 5 6.1e-3 0
14 12 0.05 5 0 5989979 100000 0.016694549346500213 5 6.1e-3 0
14 13 0.05 5 0 6022769 100000 0.016603658549746804 5 6.1e-3 0
14 14 0.05 5 0 5997780 100001 0.016673002344200688 5 6.1e-3 0
14 15 0.05 5 0 6043874 100000 0.016545679145528184 5 6.1e-3 0
16 0 0.05 5 0 5615472 100000 0.017807942057230453 5 6.1e-3 0
16 1 0.05 5 0 5619026 100001 0.017796856608244916 5 6.1e-3 0
16 2 0.05 5 0 5595826 100000 0.017870462734187947 5 6.1e-3 0
16 3 0.05 5 0 5946896 100000 0.01681549500781584 5 6.1e-3 0
16 4 0.05 5 0 5940542 100001 0.016833649185545696 5 6.1e-3 0
16 5 0.05 5 0 6019180 100001 0.016613724793078127 5 6.1e-3 0
16 6 0.05 5 0 5994779 100000 0.01668118207526916 5 6.1e-3 0
16 7 0.05 5 0 6037991 100000 0.016561800108678533 5 6.1e-3 0
16 8 0.05 5 0 6039612 100000 0.016557355008897923 5 6.1e-3 0
16 9 0.05 5 0 6020678 100000 0.016609425051464302 5 6.1e-3 0
16 10 0.05 5 0 5983532 100000 0.01671253700991321 5 6.1e-3 0
16 11 0.05 5 0 6017046 100000 0.016619450806924195 5 6.1e-3 0
16 12 0.05 5 0 6023052 100000 0.016602878407823807 5 6.1e-3 0
16 13 0.05 5 0 6016990 100000 0.016619605483805026 5 6.1e-3 0
16 14 0.05 5 0 6020072 100000 0.016611097010135426 5 6.1e-3 0
16 15 0.05 5 0 6030772 100001 0.016581790855300118 5 6.1e-3 0
20 0 0.05 5 0 5606922 100000 0.017835097402817447 5 6.1e-3 0
20 1 0.05 5 0 5621122 100000 0.017790042628500147 5 6.1e-3 0
20 2 0.05 5 0 5590961 100000 0.0178860127981576 5 6.1e-3 0
20 3 0.05 5 0 5941008 100000 0.016832160468391897 5 6.1e-3 0
20 4 0.05 5 0 5959832 100000 0.01677899645493363 5 6.1e-3 0
20 5 0.05 5 0 6011253 100000 0.016635466848592132 5 6.1e-3 0
20 6 0.05 5 0 6023976 100000 0.01660033174102951 5 6.1e-3 0
20 7 0.05 5 0 5987955 100001 0.016700359304637393 5 6.1e-3 0
20 8 0.05 5 0 6026968 100000 0.01659209074944483 5 6.1e-3 0
20 9 0.05 5 0 6016584 100000 0.016620726977301405 5 6.1e-3 0
20 10 0.05 5 0 6046573 100000 0.01653829367478074 5 6.1e-3 0
20 11 0.05 5 0 6055046 100000 0.016515151164830127 5 6.1e-3 0
20 12 0.05 5 0 6014740 100000 0.016625822562571283 5 6.1e-3 0
20 13 0.05 5 0 6023851 100000 0.016600676211944818 5 6.1e-3 0
20 14 0.05 5 0 6028149 100001 0.016589006011629773 5 6.1e-3 0
20 15 0.05 5 0 6025982 100000 0.016594805626701174 5 6.1e-3 0
24 0 0.05 5 0 5593514 100000 0.017877849237527606 5 6.1e-3 0
24 1 0.05 5 0 5564104 100000 0.01797234559239008 5 6.1e-3 0
24 2 0.05 5 0 5577796 100001 0.01792840756456493 5 6.1e-3 0
24 3 0.05 5 0 5918717 100000 0.01689555354648651 5 6.1e-3 0
24 4 0.05 5 0 5956883 100000 0.016787303024081553 5 6.1e-3 0
24 5 0.05 5 0 5971186 100000 0.01674709178377629 5 6.1e-3 0
24 6 0.05 5 0 6029624 100000 0.016584782069329698 5 6.1e-3 0
24 7 0.05 5 0 6019361 100001 0.01661322522440505 5 6.1e-3 0
24 8 0.05 5 0 5987928 100000 0.016700267605088102 5 6.1e-3 0
24 9 0.05 5 0 6000755 100000 0.016664569708311705 5 6.1e-3 0
24 10 0.05 5 0 6004829 100001 0.016653430097676388 5 6.1e-3 0
24 11 0.05 5 0 6000949 100001 0.01666419761274425 5 6.1e-3 0
24 12 0.05 5 0 6007352 100001 0.0166464359005432 5 6.1e-3 0
24 13 0.05 5 0 6042773 100000 0.01654869378677637 5 6.1e-3 0
24 14 0.05 5 0 6002800 100001 0.016659059105750648 5 6.1e-3 0
24 15 0.05 5 0 6046025 100001 0.01653995807162557 5 6.1e-3 0
28 0 0.05 5 0 5628145 100000 0.017767843579012267 5 6.1e-3 0
28 1 0.05 5 0 5593886 100000 0.017876660339520685 5 6.1e-3 0
28 2 0.05 5 0 5596205 100000 0.017869252466626937 5 6.1e-3 0
28 3 0.05 5 0 5998042 100000 0.01667210733102569 5 6.1e-3 0
28 4 0.05 5 0 5974934 100000 0.016736586546395323 5 6.1e-3 0
28 5 0.05 5 0 6029814 100001 0.01658442532389888 5 6.1e-3 0
28 6 0.05 5 0 6004447 100000 0.016654323037575317 5 6.1e-3 0
28 7 0.05 5 0 5980377 100000 0.01672135385444764 5 6.1e-3 0
28 8 0.05 5 0 6021897 100000 0.01660606284033088 5 6.1e-3 0
28 9 0.05 5 0 6008390 100000 0.016643393654539734 5 6.1e-3 0
28 10 0.05 5 0 6016673 100000 0.016620481119715164 5 6.1e-3 0
28 11 0.05 5 0 6040064 100000 0.016556115961685176 5 6.1e-3 0
28 12 0.05 5 0 6001597 100000 0.01666223173598627 5 6.1e-3 0
28 13 0.05 5 0 6004584 100000 0.016653943054173278 5 6.1e-3 0
28 14 0.05 5 0 6051132 100001 0.016525998771800054 5 6.1e-3 0
28 15 0.05 5 0 5999263 100000 0.01666871414038691 5 6.1e-3 0
32 0 0.05 5 0 5588360 100000 0.017894337515836488 5 6.1e-3 0
32 1 0.05 5 0 5594871 100000 0.017873513080104975 5 6.1e-3 0
32 2 0.05 5 0 5636528 100000 0.0177414181212264 5 6.1e-3 0
32 3 0.05 5 0 5993346 100000 0.016685170520774204 5 6.1e-3 0
32 4 0.05 5 0 5936249 100000 0.016845654553911064 5 6.1e-3 0
32 5 0.05 5 0 6020561 100000 0.016609747829147484 5 6.1e-3 0
32 6 0.05 5 0 6048189 100000 0.016533874850802446 5 6.1e-3 0
32 7 0.05 5 0 5995216 100000 0.016679966159684655 5 6.1e-3 0
32 8 0.05 5 0 6025854 100000 0.016595158130283276 5 6.1e-3 0
32 9 0.05 5 0 6035043 100000 0.016569890222820283 5 6.1e-3 0
32 10 0.05 5 0 6012062 100000 0.016633228333307274 5 6.1e-3 0
32 11 0.05 5 0 6014180 100000 0.01662737064737005 5 6.1e-3 0
32 12 0.05 5 0 5995415 100000 0.0166794125177323 5 6.1e-3 0
32 13 0.05 5 0 6009278 100000 0.01664093423536072 5 6.1e-3 0
32 14 0.05 5 0 6032878 100000 0.016575836607337326 5 6.1e-3 0
32 15 0.05 5 0 6017640 100002 0.0166181426605779 5 6.1e-3 0
64 0 0.05 5 0 5553182 100001 0.018007873683952732 5 6.1e-3 0
64 1 0.05 5 0 5574404 100000 0.01793913752932152 5 6.1e-3 0
64 2 0.05 5 0 5615521 100000 0.017807786668414205 5 6.1e-3 0
64 3 0.05 5 0 5970041 100000 0.01675030372488229 5 6.1e-3 0
64 4 0.05 5 0 5940675 100000 0.016833103982291573 5 6.1e-3 0
64 5 0.05 5 0 6053794 100000 0.016518566703789393 5 6.1e-3 0
64 6 0.05 5 0 6053490 100000 0.016519396249105887 5 6.1e-3 0
64 7 0.05 5 0 5978783 100000 0.016725811925269743 5 6.1e-3 0
64 8 0.05 5 0 6029929 100000 0.016583943194024342 5 6.1e-3 0
64 9 0.05 5 0 6006633 100000 0.016648262013011283 5 6.1e-3 0
64 10 0.05 5 0 5984899 100000 0.016708719729439044 5 6.1e-3 0
64 11 0.05 5 0 6018530 100000 0.016615352918403662 5 6.1e-3 0
64 12 0.05 5 0 5983099 100000 0.016713746504946683 5 6.1e-3 0
64 13 0.05 5 0 6021551 100000 0.01660701702933347 5 6.1e-3 0
64 14 0.05 5 0 6031925 100001 0.01657862125275099 5 6.1e-3 0
64 15 0.05 5 0 6012700 100000 0.016631463402464783 5 6.1e-3 0
128 0 0.05 5 0 5559542 100000 0.017987093181416742 5 6.1e-3 0
128 1 0.05 5 0 5636917 100000 0.017740193797425082 5 6.1e-3 0
128 2 0.05 5 0 5611933 100000 0.01781917211057224 5 6.1e-3 0
128 3 0.05 5 0 5957388 100000 0.01678587998632958 5 6.1e-3 0
128 4 0.05 5 0 5939264 100000 0.016837103048458528 5 6.1e-3 0
128 5 0.05 5 0 6004491 100000 0.01665420099722025 5 6.1e-3 0
128 6 0.05 5 0 6002880 100000 0.01665867050482435 5 6.1e-3 0
128 7 0.05 5 0 6035776 100000 0.01656787793317711 5 6.1e-3 0
128 8 0.05 5 0 5991926 100000 0.016689124665424774 5 6.1e-3 0
128 9 0.05 5 0 6044226 100000 0.016544715568213367 5 6.1e-3 0
128 10 0.05 5 0 6029349 100001 0.016585704360454173 5 6.1e-3 0
128 11 0.05 5 0 6012126 100000 0.016633051270049895 5 6.1e-3 0
128 12 0.05 5 0 6001653 100000 0.016662076264655754 5 6.1e-3 0
128 13 0.05 5 0 6002309 100000 0.016660255245106507 5 6.1e-3 0
128 14 0.05 5 0 5995039 100000 0.016680458625873827 5 6.1e-3 0
128 15 0.05 5 0 6028342 100000 0.016588309024272347 5 6.1e-3 0
256 0 0.05 5 0 5602052 100000 0.017850601886594413 5 6.1e-3 0
256 1 0.05 5 0 5635636 100000 0.017744226206234753 5 6.1e-3 0
256 2 0.05 5 0 5595701 100000 0.01787086193490324 5 6.1e-3 0
256 3 0.05 5 0 5953547 100000 0.01679670959177781 5 6.1e-3 0
256 4 0.05 5 0 5935495 100001 0.016847962975286814 5 6.1e-3 0
256 5 0.05 5 0 5971464 100000 0.01674631212714336 5 6.1e-3 0
256 6 0.05 5 0 6025482 100000 0.016596182678829677 5 6.1e-3 0
256 7 0.05 5 0 5989301 100000 0.016696439200501026 5 6.1e-3 0
256 8 0.05 5 0 6033492 100000 0.016574149762691323 5 6.1e-3 0
256 9 0.05 5 0 6019719 100002 0.01661240333643481 5 6.1e-3 0
256 10 0.05 5 0 6010579 100000 0.01663733227697365 5 6.1e-3 0
256 11 0.05 5 0 6020346 100000 0.01661034100033453 5 6.1e-3 0
256 12 0.05 5 0 6042333 100000 0.016549898855293146 5 6.1e-3 0
256 13 0.05 5 0 6007609 100001 0.01664572378129136 5 6.1e-3 0
256 14 0.05 5 0 6003995 100000 0.016655576828428404 5 6.1e-3 0
256 15 0.05 5 0 6038913 100001 0.01655943710399537 5 6.1e-3 0
512 0 0.05 5 0 5610901 100000 0.0178224495495465 5 6.1e-3 0
512 1 0.05 5 0 5623269 100001 0.017783428109165684 5 6.1e-3 0
512 2 0.05 5 0 5606422 100000 0.0178366879981564 5 6.1e-3 0
512 3 0.05 5 0 5885900 100000 0.01698975517762789 5 6.1e-3 0
512 4 0.05 5 0 5954520 100001 0.01679413286041528 5 6.1e-3 0
512 5 0.05 5 0 6028667 100001 0.016587580637643446 5 6.1e-3 0
512 6 0.05 5 0 5993314 100000 0.016685259607622762 5 6.1e-3 0
512 7 0.05 5 0 6002976 100001 0.016658570682274925 5 6.1e-3 0
512 8 0.05 5 0 6019998 100001 0.016611467312779838 5 6.1e-3 0
512 9 0.05 5 0 6008980 100000 0.01664175949994841 5 6.1e-3 0
512 10 0.05 5 0 6018890 100000 0.016614359126018254 5 6.1e-3 0
512 11 0.05 5 0 5996856 100001 0.016675571332711674 5 6.1e-3 0
512 12 0.05 5 0 6025967 100000 0.01659484693494007 5 6.1e-3 0
512 13 0.05 5 0 5977794 100002 0.016728913709639377 5 6.1e-3 0
512 14 0.05 5 0 6001686 100001 0.016662151268826794 5 6.1e-3 0
512 15 0.05 5 0 5979005 100000 0.016725190897147604 5 6.1e-3 0
1024 0 0.05 5 0 5593442 100001 0.017878258145878692 5 6.1e-3 0
1024 1 0.05 5 0 5581462 100000 0.017916452714360504 5 6.1e-3 0
1024 2 0.05 5 0 5563167 100000 0.017975372660932163 5 6.1e-3 0
1024 3 0.05 5 0 5926213 100000 0.01687418255131903 5 6.1e-3 0
1024 4 0.05 5 0 5947362 100000 0.01681417744539512 5 6.1e-3 0
1024 5 0.05 5 0 6039754 100000 0.01655696573072347 5 6.1e-3 0
1024 6 0.05 5 0 6016582 100000 0.016620732502274548 5 6.1e-3 0
1024 7 0.05 5 0 5994778 100000 0.01668118485788798 5 6.1e-3 0
1024 8 0.05 5 0 5996771 100000 0.01667564094076629 5 6.1e-3 0
1024 9 0.05 5 0 5984174 100000 0.016710744039194047 5 6.1e-3 0
1024 10 0.05 5 0 6030586 100000 0.016582136462360373 5 6.1e-3 0
1024 11 0.05 5 0 6002153 100000 0.01666068825636401 5 6.1e-3 0
1024 12 0.05 5 0 6017472 100001 0.016618440434787232 5 6.1e-3 0
1024 13 0.05 5 0 5991266 100001 0.01669113005498337 5 6.1e-3 0
1024 14 0.05 5 0 5999473 100000 0.01666813068414509 5 6.1e-3 0
1024 15 0.05 5 0 5992371 100000 0.016687885312841946 5 6.1e-3 0
