# <max_half_weight> <max_tree_size> ...
1 0 0.05 9 0 43100566 100000 0.0023201551459904263 9 6.2e-3 0
1 1 0.05 9 0 42968729 100000 0.002327273864674936 9 6.2e-3 0
1 2 0.05 9 0 43118802 100000 0.00231917389541574 9 6.2e-3 0
1 3 0.05 9 0 47459339 100000 0.002107066851478905 9 6.2e-3 0
1 4 0.05 9 0 47513746 100000 0.0021046540931544317 9 6.2e-3 0
1 5 0.05 9 0 49237823 100000 0.002030959004828463 9 6.2e-3 0
1 6 0.05 9 0 49346802 100000 0.0020264737723024078 9 6.2e-3 0
1 7 0.05 9 0 49420930 100000 0.002023434200853768 9 6.2e-3 0
1 8 0.05 9 0 49607305 100000 0.0020158321440763615 9 6.2e-3 0
1 9 0.05 9 0 49839195 100000 0.0020064529533432474 9 6.2e-3 0
1 10 0.05 9 0 50236719 100000 0.001990575857471902 9 6.2e-3 0
1 11 0.05 9 0 50376949 100000 0.0019850348618770065 9 6.2e-3 0
1 12 0.05 9 0 50499455 100000 0.0019802193904864913 9 6.2e-3 0
1 13 0.05 9 0 50399001 100000 0.0019841663131378337 9 6.2e-3 0
1 14 0.05 9 0 50124933 100000 0.0019950151354815775 9 6.2e-3 0
1 15 0.05 9 0 50218079 100000 0.0019913147215368395 9 6.2e-3 0
2 0 0.05 9 0 43125548 100000 0.0023188111140060178 9 6.2e-3 0
2 1 0.05 9 0 42884263 100000 0.0023318577259914667 9 6.2e-3 0
2 2 0.05 9 0 42969980 100000 0.0023272061099400094 9 6.2e-3 0
2 3 0.05 9 0 47324519 100000 0.002113069548577979 9 6.2e-3 0
2 4 0.05 9 0 47234744 100000 0.002117085677441165 9 6.2e-3 0
2 5 0.05 9 0 49214776 100000 0.002031910091392065 9 6.2e-3 0
2 6 0.05 9 0 49325989 100000 0.0020273288387588134 9 6.2e-3 0
2 7 0.05 9 0 50048258 100000 0.0019980715412712268 9 6.2e-3 0
2 8 0.05 9 0 49820004 100000 0.002007225852490899 9 6.2e-3 0
2 9 0.05 9 0 50027521 100000 0.0019988997655910235 9 6.2e-3 0
2 10 0.05 9 0 50204120 100000 0.001991868396458299 9 6.2e-3 0
2 11 0.05 9 0 50356598 100000 0.001985837089312507 9 6.2e-3 0
2 12 0.05 9 0 50313582 100000 0.0019875348966408315 9 6.2e-3 0
2 13 0.05 9 0 50513173 100000 0.0019796816169120874 9 6.2e-3 0
2 14 0.05 9 0 50497156 100000 0.001980309544561282 9 6.2e-3 0
2 15 0.05 9 0 50488799 100000 0.001980637329083625 9 6.2e-3 0
3 0 0.05 9 0 42952489 100000 0.0023281537887129195 9 6.2e-3 0
3 1 0.05 9 0 42977872 100001 0.0023268020343119827 9 6.2e-3 0
3 2 0.05 9 0 42961201 100000 0.0023276816679310246 9 6.2e-3 0
3 3 0.05 9 0 47381126 100000 0.002110545030103337 9 6.2e-3 0
3 4 0.05 9 0 47242623 100000 0.0021167325954784518 9 6.2e-3 0
3 5 0.05 9 0 49095026 100000 0.002036866219400719 9 6.2e-3 0
3 6 0.05 9 0 49259018 100000 0.002030085130807926 9 6.2e-3 0
3 7 0.05 9 0 49973862 100000 0.0020010460668419025 9 6.2e-3 0
3 8 0.05 9 0 50009835 100000 0.001999606677366562 9 6.2e-3 0
3 9 0.05 9 0 50463131 100000 0.0019816447774514824 9 6.2e-3 0
3 10 0.05 9 0 49842814 100000 0.0020063072682854543 9 6.2e-3 0
3 11 0.05 9 0 49938130 100000 0.0020024778661115266 9 6.2e-3 0
3 12 0.05 9 0 50325476 100000 0.001987065159602266 9 6.2e-3 0
3 13 0.05 9 0 50060673 100000 0.0019975760214010706 9 6.2e-3 0
3 14 0.05 9 0 50399815 100000 0.001984134267159512 9 6.2e-3 0
3 15 0.05 9 0 50326126 100000 0.0019870394951520807 9 6.2e-3 0
4 0 0.05 9 0 42934854 100000 0.0023291100512418186 9 6.2e-3 0
4 1 0.05 9 0 43208192 100000 0.0023143759405623823 9 6.2e-3 0
4 2 0.05 9 0 42964756 100000 0.0023274890703440746 9 6.2e-3 0
4 3 0.05 9 0 47295230 100000 0.0021143781307332685 9 6.2e-3 0
4 4 0.05 9 0 47365035 100000 0.0021112620311586386 9 6.2e-3 0
4 5 0.05 9 0 49413029 100000 0.002023757742112915 9 6.2e-3 0
4 6 0.05 9 0 49332016 100000 0.0020270811555724785 9 6.2e-3 0
4 7 0.05 9 0 50009684 100000 0.001999612715009357 9 6.2e-3 0
4 8 0.05 9 0 50073137 100000 0.0019970787929663764 9 6.2e-3 0
4 9 0.05 9 0 50341055 100000 0.001986450224374519 9 6.2e-3 0
4 10 0.05 9 0 50500140 100000 0.0019801925301593222 9 6.2e-3 0
4 11 0.05 9 0 50531273 100000 0.001978972506788024 9 6.2e-3 0
4 12 0.05 9 0 50189140 100000 0.0019924629112991377 9 6.2e-3 0
4 13 0.05 9 0 50169532 100000 0.0019932416351820864 9 6.2e-3 0
4 14 0.05 9 0 50333944 100000 0.001986730862973901 9 6.2e-3 0
4 15 0.05 9 0 50470837 100000 0.00198134221550556 9 6.2e-3 0
5 0 0.05 9 0 42908060 100000 0.002330564467375127 9 6.2e-3 0
5 1 0.05 9 0 42792833 100000 0.0023368399096175755 9 6.2e-3 0
5 2 0.05 9 0 42867735 100000 0.002332756792492069 9 6.2e-3 0
5 3 0.05 9 0 47477337 100001 0.002106289154339048 9 6.2e-3 0
5 4 0.05 9 0 47292613 100000 0.0021144951326753716 9 6.2e-3 0
5 5 0.05 9 0 49207718 100000 0.0020322015339138467 9 6.2e-3 0
5 6 0.05 9 0 48909234 100000 0.002044603683631602 9 6.2e-3 0
5 7 0.05 9 0 49716106 100000 0.0020114206048237166 9 6.2e-3 0
5 8 0.05 9 0 49825419 100000 0.002007007708254295 9 6.2e-3 0
5 9 0.05 9 0 50069944 100000 0.0019972061482633175 9 6.2e-3 0
5 10 0.05 9 0 50205646 100000 0.0019918078536425962 9 6.2e-3 0
5 11 0.05 9 0 50219305 100000 0.0019912661077249078 9 6.2e-3 0
5 12 0.05 9 0 50453654 100000 0.0019820170011868713 9 6.2e-3 0
5 13 0.05 9 0 50300214 100000 0.0019880631124153864 9 6.2e-3 0
5 14 0.05 9 0 50225011 100000 0.001991039882499976 9 6.2e-3 0
5 15 0.05 9 0 50279576 100000 0.0019888791424971445 9 6.2e-3 0
6 0 0.05 9 0 43075201 100000 0.0023215213783912467 9 6.2e-3 0
6 1 0.05 9 0 43047773 100000 0.0023230005417469563 9 6.2e-3 0
6 2 0.05 9 0 42882299 100000 0.0023319645245699163 9 6.2e-3 0
6 3 0.05 9 0 47224332 100000 0.00211755245156247 9 6.2e-3 0
6 4 0.05 9 0 47506002 100000 0.0021049971748832914 9 6.2e-3 0
6 5 0.05 9 0 49354549 100000 0.0020261556842511115 9 6.2e-3 0
6 6 0.05 9 0 49351757 100000 0.002026270310903014 9 6.2e-3 0
6 7 0.05 9 0 50181235 100000 0.0019927767819982907 9 6.2e-3 0
6 8 0.05 9 0 49800672 100000 0.0020080050325425327 9 6.2e-3 0
6 9 0.05 9 0 50183453 100000 0.0019926887055779123 9 6.2e-3 0
6 10 0.05 9 0 49916986 100000 0.002003326082227801 9 6.2e-3 0
6 11 0.05 9 0 50268479 100000 0.0019893181967968435 9 6.2e-3 0
6 12 0.05 9 0 50231939 100000 0.001990765277844441 9 6.2e-3 0
6 13 0.05 9 0 50180938 100000 0.001992788576411226 9 6.2e-3 0
6 14 0.05 9 0 50200711 100000 0.0019920036590716813 9 6.2e-3 0
6 15 0.05 9 0 50244056 100000 0.0019902851792060736 9 6.2e-3 0
7 0 0.05 9 0 43055227 100000 0.00232259836883452 9 6.2e-3 0
7 1 0.05 9 0 42884503 100000 0.0023318446759194107 9 6.2e-3 0
7 2 0.05 9 0 42692204 100000 0.0023423480315047686 9 6.2e-3 0
7 3 0.05 9 0 47522548 100000 0.002104264274718603 9 6.2e-3 0
7 4 0.05 9 0 47380369 100000 0.0021105787504525344 9 6.2e-3 0
7 5 0.05 9 0 49198472 100000 0.002032583450965713 9 6.2e-3 0
7 6 0.05 9 0 49179260 100000 0.0020333774847364518 9 6.2e-3 0
7 7 0.05 9 0 49664341 100000 0.0020135171027437977 9 6.2e-3 0
7 8 0.05 9 0 49738529 100000 0.0020105138211867907 9 6.2e-3 0
7 9 0.05 9 0 50126491 100000 0.0019949531276785364 9 6.2e-3 0
7 10 0.05 9 0 50102730 100000 0.001995899225451388 9 6.2e-3 0
7 11 0.05 9 0 50084337 100000 0.001996632200601957 9 6.2e-3 0
7 12 0.05 9 0 50273407 100000 0.0019891231958876388 9 6.2e-3 0
7 13 0.05 9 0 50206750 100000 0.0019917640556299703 9 6.2e-3 0
7 14 0.05 9 0 50064588 100000 0.0019974198129823818 9 6.2e-3 0
7 15 0.05 9 0 50408625 100000 0.0019837874966833553 9 6.2e-3 0
8 0 0.05 9 0 43166826 100000 0.0023165937657774515 9 6.2e-3 0
8 1 0.05 9 0 42931145 100000 0.002329311272736844 9 6.2e-3 0
8 2 0.05 9 0 43040789 100000 0.0023233774826943807 9 6.2e-3 0
8 3 0.05 9 0 47285776 100000 0.0021148008652750036 9 6.2e-3 0
8 4 0.05 9 0 47509604 100000 0.0021048375818918633 9 6.2e-3 0
8 5 0.05 9 0 49378883 100000 0.002025157191182312 9 6.2e-3 0
8 6 0.05 9 0 49289934 100000 0.0020288118056721277 9 6.2e-3 0
8 7 0.05 9 0 49737416 100000 0.002010558811499174 9 6.2e-3 0
8 8 0.05 9 0 49672564 100000 0.0020131837768632196 9 6.2e-3 0
8 9 0.05 9 0 50345748 100000 0.0019862650565843215 9 6.2e-3 0
8 10 0.05 9 0 50211112 100000 0.0019915910247118207 9 6.2e-3 0
8 11 0.05 9 0 50337635 100000 0.001986585186213059 9 6.2e-3 0
8 12 0.05 9 0 50037276 100000 0.001998510070772038 9 6.2e-3 0
8 13 0.05 9 0 49938647 100000 0.002002457135052137 9 6.2e-3 0
8 14 0.05 9 0 50688248 100000 0.0019728438828661033 9 6.2e-3 0
8 15 0.05 9 0 50260780 100000 0.001989622922684447 9 6.2e-3 0
10 0 0.05 9 0 43094125 100000 0.0023205019245662838 9 6.2e-3 0
10 1 0.05 9 0 42800444 100000 0.002336424360457569 9 6.2e-3 0
10 2 0.05 9 0 43008671 100000 0.0023251125337027966 9 6.2e-3 0
10 3 0.05 9 0 47413369 100000 0.00210910977450263 9 6.2e-3 0
10 4 0.05 9 0 47468391 100000 0.002106665043691917 9 6.2e-3 0
10 5 0.05 9 0 49045147 100000 0.002038937715896743 9 6.2e-3 0
10 6 0.05 9 0 49058981 100000 0.002038362761754061 9 6.2e-3 0
10 7 0.05 9 0 49796825 100000 0.0020081601588053054 9 6.2e-3 0
10 8 0.05 9 0 50204785 100000 0.0019918420126687126 9 6.2e-3 0
10 9 0.05 9 0 49935648 100000 0.0020025773972133093 9 6.2e-3 0
10 10 0.05 9 0 49840227 100000 0.002006411407395877 9 6.2e-3 0
10 11 0.05 9 0 50319873 100000 0.0019872864146537094 9 6.2e-3 0
10 12 0.05 9 0 50251504 100000 0.0019899901901443587 9 6.2e-3 0
10 13 0.05 9 0 50404468 100000 0.001983951105286936 9 6.2e-3 0
10 14 0.05 9 0 50328295 100000 0.001986953859652905 9 6.2e-3 0
10 15 0.05 9 0 50148188 100000 0.001994089995833947 9 6.2e-3 0
12 0 0.05 9 0 42615682 100000 0.002346554022061644 9 6.2e-3 0
12 1 0.05 9 0 43004511 100000 0.002325337451226919 9 6.2e-3 0
12 2 0.05 9 0 42951527 100000 0.002328205933167405 9 6.2e-3 0
12 3 0.05 9 0 47394965 100000 0.002109928765639979 9 6.2e-3 0
12 4 0.05 9 0 47518930 100000 0.0021044244893561365 9 6.2e-3 0
12 5 0.05 9 0 49435387 100000 0.002022842463031593 9 6.2e-3 0
12 6 0.05 9 0 49526767 100000 0.0020191101914647487 9 6.2e-3 0
12 7 0.05 9 0 50052172 100000 0.0019979152952643094 9 6.2e-3 0
12 8 0.05 9 0 50053271 100000 0.0019978714278233683 9 6.2e-3 0
12 9 0.05 9 0 50183182 100000 0.001992699466526455 9 6.2e-3 0
12 10 0.05 9 0 49992022 100000 0.0020003191709269132 9 6.2e-3 0
12 11 0.05 9 0 50279728 100000 0.0019888731299421507 9 6.2e-3 0
12 12 0.05 9 0 50178313 100000 0.001992892826030241 9 6.2e-3 0
12 13 0.05 9 0 50132813 100000 0.001994701554050039 9 6.2e-3 0
12 14 0.05 9 0 50386387 100000 0.0019846630400389693 9 6.2e-3 0
12 15 0.05 9 0 50568808 100000 0.001977503602616063 9 6.2e-3 0
14 0 0.05 9 0 43364770 100000 0.00230601937932566 9 6.2e-3 0
14 1 0.05 9 0 42971804 100000 0.002327107328330921 9 6.2e-3 0
14 2 0.05 9 0 43065759 100000 0.002322030362915466 9 6.2e-3 0
14 3 0.05 9 0 47377628 100000 0.0021107008565308502 9 6.2e-3 0
14 4 0.05 9 0 47347654 100000 0.002112037061012569 9 6.2e-3 0
14 5 0.05 9 0 49391866 100000 0.0020246248643450726 9 6.2e-3 0
14 6 0.05 9 0 49000818 100000 0.0020407822579614895 9 6.2e-3 0
14 7 0.05 9 0 50030190 100000 0.0019987931287088856 9 6.2e-3 0
14 8 0.05 9 0 49760588 100000 0.0020096225551032476 9 6.2e-3 0
14 9 0.05 9 0 50210850 100000 0.001991601416825248 9 6.2e-3 0
14 10 0.05 9 0 50036265 100000 0.0019985504513576305 9 6.2e-3 0
14 11 0.05 9 0 50057112 100000 0.001997718126447247 9 6.2e-3 0
14 12 0.05 9 0 50304702 100000 0.001987885744756027 9 6.2e-3 0
14 13 0.05 9 0 50375667 100000 0.0019850853786213887 9 6.2e-3 0
14 14 0.05 9 0 50157916 100001 0.0019937231841929 9 6.2e-3 0
14 15 0.05 9 0 50382416 100001 0.001984839313779633 9 6.2e-3 0
16 0 0.05 9 0 43049321 100001 0.0023229402387089913 9 6.2e-3 0
16 1 0.05 9 0 42841649 100000 0.002334177192852684 9 6.2e-3 0
16 2 0.05 9 0 42736176 100000 0.002339937948589504 9 6.2e-3 0
16 3 0.05 9 0 47493513 100000 0.002105550709630597 9 6.2e-3 0
16 4 0.05 9 0 47419763 100000 0.0021088253857363226 9 6.2e-3 0
16 5 0.05 9 0 49255298 100000 0.0020302384527244154 9 6.2e-3 0
16 6 0.05 9 0 49316785 100000 0.0020277071994859357 9 6.2e-3 0
16 7 0.05 9 0 49821181 100000 0.0020071784328035097 9 6.2e-3 0
16 8 0.05 9 0 50069514 100000 0.001997223300389934 9 6.2e-3 0
16 9 0.05 9 0 49912469 100000 0.0020035073800897325 9 6.2e-3 0
16 10 0.05 9 0 49967986 100000 0.0020012813804422694 9 6.2e-3 0
16 11 0.05 9 0 50448707 100000 0.0019822113577658194 9 6.2e-3 0
16 12 0.05 9 0 49949741 100000 0.00200201238280695 9 6.2e-3 0
16 13 0.05 9 0 50309669 100000 0.0019876894837054086 9 6.2e-3 0
16 14 0.05 9 0 50655535 100000 0.0019741179320285534 9 6.2e-3 0
16 15 0.05 9 0 50316583 100000 0.001987416355359425 9 6.2e-3 0
20 0 0.05 9 0 42915676 100000 0.002330150875405062 9 6.2e-3 0
20 1 0.05 9 0 43026840 100000 0.002324130705392262 9 6.2e-3 0
20 2 0.05 9 0 42864736 100000 0.002332920002120158 9 6.2e-3 0
20 3 0.05 9 0 47382386 100000 0.00211048890615175 9 6.2e-3 0
20 4 0.05 9 0 47287215 100000 0.0021147365096464235 9 6.2e-3 0
20 5 0.05 9 0 49301442 100000 0.0020283382380580266 9 6.2e-3 0
20 6 0.05 9 0 49389141 100000 0.0020247365711422273 9 6.2e-3 0
20 7 0.05 9 0 49894225 100000 0.0020042399696558067 9 6.2e-3 0
20 8 0.05 9 0 49951005 100000 0.0020019617222916735 9 6.2e-3 0
20 9 0.05 9 0 50037661 100000 0.0019984946938267157 9 6.2e-3 0
20 10 0.05 9 0 50181126 100000 0.0019927811105713332 9 6.2e-3 0
20 11 0.05 9 0 50455207 100000 0.0019819559951463482 9 6.2e-3 0
20 12 0.05 9 0 50394312 100000 0.00198435093230363 9 6.2e-3 0
20 13 0.05 9 0 50336700 100000 0.0019866220868670374 9 6.2e-3 0
20 14 0.05 9 0 50229432 100000 0.0019908646388834337 9 6.2e-3 0
20 15 0.05 9 0 50379011 100000 0.0019849536149091932 9 6.2e-3 0
24 0 0.05 9 0 42964507 100000 0.0023275025592636267 9 6.2e-3 0
24 1 0.05 9 0 43030551 100000 0.002323930269914508 9 6.2e-3 0
24 2 0.05 9 0 43293974 100000 0.0023097902724291378 9 6.2e-3 0
24 3 0.05 9 0 47610848 100000 0.0021003616654759016 9 6.2e-3 0
24 4 0.05 9 0 47561122 100000 0.002102557630999538 9 6.2e-3 0
24 5 0.05 9 0 49125906 100000 0.002035585867871831 9 6.2e-3 0
24 6 0.05 9 0 49222922 100000 0.002031573826519279 9 6.2e-3 0
24 7 0.05 9 0 49592382 100000 0.002016438734481437 9 6.2e-3 0
24 8 0.05 9 0 49693557 100000 0.0020123333091249637 9 6.2e-3 0
24 9 0.05 9 0 50074782 100000 0.001997013187196701 9 6.2e-3 0
24 10 0.05 9 0 50180665 100000 0.001992799417863434 9 6.2e-3 0
24 11 0.05 9 0 50280241 100000 0.001988852837837432 9 6.2e-3 0
24 12 0.05 9 0 50154387 100000 0.001993843529579975 9 6.2e-3 0
24 13 0.05 9 0 50391465 100000 0.0019844630434935756 9 6.2e-3 0
24 14 0.05 9 0 50472309 100000 0.0019812844306370055 9 6.2e-3 0
24 15 0.05 9 0 50536942 100000 0.001978750514821415 9 6.2e-3 0
28 0 0.05 9 0 43203241 100000 0.0023146411631479223 9 6.2e-3 0
28 1 0.05 9 0 43123721 100000 0.002318909353856547 9 6.2e-3 0
28 2 0.05 9 0 43337177 100000 0.002307487633539213 9 6.2e-3 0
28 3 0.05 9 0 47209593 100000 0.002118213558841738 9 6.2e-3 0
28 4 0.05 9 0 47563649 100000 0.0021024459246177683 9 6.2e-3 0
28 5 0.05 9 0 49480450 100000 0.0020210002132155223 9 6.2e-3 0
28 6 0.05 9 0 49248291 100000 0.002030527313120368 9 6.2e-3 0
28 7 0.05 9 0 49655264 100000 0.0020138851743895674 9 6.2e-3 0
28 8 0.05 9 0 50291301 100000 0.001988415451809449 9 6.2e-3 0
28 9 0.05 9 0 50099238 100000 0.0019960383429384696 9 6.2e-3 0
28 10 0.05 9 0 49974992 100000 0.0020010008205704165 9 6.2e-3 0
28 11 0.05 9 0 50518677 100000 0.0019794659309862765 9 6.2e-3 0
28 12 0.05 9 0 50257058 100000 0.0019897702726649857 9 6.2e-3 0
28 13 0.05 9 0 49971240 100000 0.0020011510620909145 9 6.2e-3 0
28 14 0.05 9 0 50201721 100000 0.0019919635822843603 9 6.2e-3 0
28 15 0.05 9 0 50163052 100000 0.0019934991196309186 9 6.2e-3 0
32 0 0.05 9 0 42875297 100000 0.0023323453596134857 9 6.2e-3 0
32 1 0.05 9 0 43114828 100000 0.002319387659391799 9 6.2e-3 0
32 2 0.05 9 0 43261570 100000 0.0023115203632230637 9 6.2e-3 0
32 3 0.05 9 0 47436178 100000 0.002108095639577033 9 6.2e-3 0
32 4 0.05 9 0 47336546 100000 0.0021125326719021705 9 6.2e-3 0
32 5 0.05 9 0 49079735 100000 0.0020375008137268873 9 6.2e-3 0
32 6 0.05 9 0 48970623 100000 0.002042040592377189 9 6.2e-3 0
32 7 0.05 9 0 50061160 100000 0.0019975565887806034 9 6.2e-3 0
32 8 0.05 9 0 49784585 100000 0.0020086538835263966 9 6.2e-3 0
32 9 0.05 9 0 50051027 100000 0.0019979610008801617 9 6.2e-3 0
32 10 0.05 9 0 49890525 100000 0.002004388608859097 9 6.2e-3 0
32 11 0.05 9 0 50256487 100000 0.0019897928798724034 9 6.2e-3 0
32 12 0.05 9 0 50699632 100000 0.0019724009042116912 9 6.2e-3 0
32 13 0.05 9 0 50477146 100000 0.0019810945729776402 9 6.2e-3 0
32 14 0.05 9 0 50252731 100000 0.0019899416013828184 9 6.2e-3 0
32 15 0.05 9 0 50427712 100000 0.001983036628748891 9 6.2e-3 0
64 0 0.05 9 0 43081680 100000 0.002321172247693219 9 6.2e-3 0
64 1 0.05 9 0 43063950 100000 0.0023221279051271423 9 6.2e-3 0
64 2 0.05 9 0 43059990 100000 0.002322341458973864 9 6.2e-3 0
64 3 0.05 9 0 47567823 100000 0.0021022614383676965 9 6.2e-3 0
64 4 0.05 9 0 47629210 100000 0.0020995519346216325 9 6.2e-3 0
64 5 0.05 9 0 49166514 100000 0.0020339046205309574 9 6.2e-3 0
64 6 0.05 9 0 49370147 100000 0.0020255155407983695 9 6.2e-3 0
64 7 0.05 9 0 49812723 100000 0.0020075192436277774 9 6.2e-3 0
64 8 0.05 9 0 49780052 100000 0.002008836792697605 9 6.2e-3 0
64 9 0.05 9 0 50182844 100001 0.0019927328152226685 9 6.2e-3 0
64 10 0.05 9 0 50195543 100000 0.001992208750486074 9 6.2e-3 0
64 11 0.05 9 0 50150348 100000 0.001994004109403189 9 6.2e-3 0
64 12 0.05 9 0 50398065 100000 0.0019842031633555773 9 6.2e-3 0
64 13 0.05 9 0 50380753 100000 0.001984884981770717 9 6.2e-3 0
64 14 0.05 9 0 50492844 100000 0.0019804786595106426 9 6.2e-3 0
64 15 0.05 9 0 50334904 100000 0.0019866929715411795 9 6.2e-3 0
128 0 0.05 9 0 43153375 100000 0.002317315853047415 9 6.2e-3 0
128 1 0.05 9 0 43250999 100000 0.002312085323162131 9 6.2e-3 0
128 2 0.05 9 0 42930365 100000 0.002329353593895603 9 6.2e-3 0
128 3 0.05 9 0 47560105 100000 0.0021026025909740946 9 6.2e-3 0
128 4 0.05 9 0 47322865 100000 0.0021131434032998636 9 6.2e-3 0
128 5 0.05 9 0 49302932 100000 0.002028276938986103 9 6.2e-3 0
128 6 0.05 9 0 49347276 100000 0.002026454307224577 9 6.2e-3 0
128 7 0.05 9 0 49935243 100000 0.0020025936391257775 9 6.2e-3 0
128 8 0.05 9 0 49525800 100000 0.0020191496149481684 9 6.2e-3 0
128 9 0.05 9 0 50156309 100000 0.00199376712508889 9 6.2e-3 0
128 10 0.05 9 0 50028783 100000 0.001998849342387561 9 6.2e-3 0
128 11 0.05 9 0 50282083 100000 0.001988779979540625 9 6.2e-3 0
128 12 0.05 9 0 50272171 100000 0.001989172100803047 9 6.2e-3 0
128 13 0.05 9 0 50438353 100000 0.001982618266698756 9 6.2e-3 0
128 14 0.05 9 0 50333079 100000 0.0019867650059715203 9 6.2e-3 0
128 15 0.05 9 0 50220602 100000 0.001991214681178055 9 6.2e-3 0
256 0 0.05 9 0 43023363 100000 0.0023243185336302044 9 6.2e-3 0
256 1 0.05 9 0 42956685 100000 0.0023279263751381186 9 6.2e-3 0
256 2 0.05 9 0 42962692 100000 0.002327600886834559 9 6.2e-3 0
256 3 0.05 9 0 47511963 100000 0.0021047330753309434 9 6.2e-3 0
256 4 0.05 9 0 47469907 100000 0.0021065977651904817 9 6.2e-3 0
256 5 0.05 9 0 49267401 100000 0.0020297397055712356 9 6.2e-3 0
256 6 0.05 9 0 49589193 100000 0.002016568408362685 9 6.2e-3 0
256 7 0.05 9 0 49892409 100000 0.0020043129206288677 9 6.2e-3 0
256 8 0.05 9 0 49796576 100000 0.002008170200296502 9 6.2e-3 0
256 9 0.05 9 0 49989562 100000 0.002000417607179675 9 6.2e-3 0
256 10 0.05 9 0 49954314 100000 0.002001829111295573 9 6.2e-3 0
256 11 0.05 9 0 50231035 100000 0.00199080110533259 9 6.2e-3 0
256 12 0.05 9 0 50436572 100000 0.001982688276276984 9 6.2e-3 0
256 13 0.05 9 0 50415942 100000 0.001983499584317992 9 6.2e-3 0
256 14 0.05 9 0 50333577 100000 0.0019867453489347676 9 6.2e-3 0
256 15 0.05 9 0 50420785 100000 0.0019833090658941547 9 6.2e-3 0
512 0 0.05 9 0 43124431 100000 0.002318871175366928 9 6.2e-3 0
512 1 0.05 9 0 43036862 100000 0.002323589484753791 9 6.2e-3 0
512 2 0.05 9 0 43066645 100000 0.0023219825923287037 9 6.2e-3 0
512 3 0.05 9 0 47375338 100000 0.0021108028822928926 9 6.2e-3 0
512 4 0.05 9 0 47541054 100000 0.0021034451613125785 9 6.2e-3 0
512 5 0.05 9 0 49057824 100000 0.002038410835344022 9 6.2e-3 0
512 6 0.05 9 0 49564000 100000 0.002017593414575095 9 6.2e-3 0
512 7 0.05 9 0 49948326 100000 0.002002069098371785 9 6.2e-3 0
512 8 0.05 9 0 49753119 100000 0.0020099242421364578 9 6.2e-3 0
512 9 0.05 9 0 50104023 100000 0.0019958477186552467 9 6.2e-3 0
512 10 0.05 9 0 50221359 100000 0.00199118466706566 9 6.2e-3 0
512 11 0.05 9 0 50362194 100000 0.0019856164328345186 9 6.2e-3 0
512 12 0.05 9 0 50444088 100000 0.0019823928623707104 9 6.2e-3 0
512 13 0.05 9 0 50242355 100000 0.001990352562096263 9 6.2e-3 0
512 14 0.05 9 0 50205433 100000 0.0019918163040243075 9 6.2e-3 0
512 15 0.05 9 0 50357096 100000 0.0019858174506329753 9 6.2e-3 0
1024 0 0.05 9 0 42793448 100000 0.0023368063260525303 9 6.2e-3 0
1024 1 0.05 9 0 43059279 100000 0.0023223798057556886 9 6.2e-3 0
1024 2 0.05 9 0 42884472 100000 0.002331846361545503 9 6.2e-3 0
1024 3 0.05 9 0 47455818 100000 0.002107223185995867 9 6.2e-3 0
1024 4 0.05 9 0 47339649 100000 0.00211239420047242 9 6.2e-3 0
1024 5 0.05 9 0 49301927 100000 0.002028318284597679 9 6.2e-3 0
1024 6 0.05 9 0 49274100 100000 0.0020294637547920713 9 6.2e-3 0
1024 7 0.05 9 0 49704683 100000 0.002011882864236354 9 6.2e-3 0
1024 8 0.05 9 0 49918283 100000 0.0020032740308796276 9 6.2e-3 0
1024 9 0.05 9 0 50127778 100000 0.001994901908478768 9 6.2e-3 0
1024 10 0.05 9 0 50235926 100000 0.001990607279738409 9 6.2e-3 0
1024 11 0.05 9 0 50274948 100000 0.0019890622263796275 9 6.2e-3 0
1024 12 0.05 9 0 50462072 100000 0.0019816863643649036 9 6.2e-3 0
1024 13 0.05 9 0 50377414 100000 0.0019850165393563075 9 6.2e-3 0
1024 14 0.05 9 0 50514301 100000 0.0019796374100079102 9 6.2e-3 0
1024 15 0.05 9 0 50413470 100000 0.0019835968442561084 9 6.2e-3 0
